#
    3.20000005
   0.200000003
             0
             0
             0
             0
             0
   0.200000003
   0.200000003
     2.4000001
   0.200000003
             0
   0.200000003
             0
             0
             0
    8.19999981
             0
             0
   0.200000003
             0
             0
             0
    24.6000004
   0.200000003
             0
             0
             0
             0
             0
             0
             0
             0
             0
             0
             0
             0
             0
             0
             0
             0
             0
             0
             0
             0
             0
             0
             0
             0
             0
    10.6000004
             0
             0
             0
             0
             0
             0
             0
             0
             0
             0
             0
             0
             0
             0
             0
             0
             0
             0
             0
             0
             0
             0
   0.400000006
             0
             0
             0
             0
             0
             0
             0
             0
             0
             0
             0
             0
             0
             0
             0
             0
             5
             0
             0
             0
             0
             0
   0.400000006
    8.39999962
             0
             0
             0
             0
             0
   0.200000003
             0
             0
             0
             0
             0
             0
             0
             0
             1
             4
     2.5999999
   0.200000003
             0
             0
             0
             0
             0
             0
             0
             0
             0
             0
             0
             0
             0
            12
    1.39999998
   0.200000003
             0
    1.39999998
     4.4000001
   0.200000003
             0
   0.200000003
             0
   0.200000003
   0.600000024
             0
             0
     5.5999999
     7.4000001
             0
             0
             0
   0.200000003
             2
             0
             0
     2.4000001
             9
             0
             0
     5.4000001
     7.5999999
             0
   0.200000003
     3.5999999
             0
             0
   0.200000003
   0.400000006
             0
   0.200000003
             0
   0.200000003
             0
             0
   0.200000003
   0.200000003
             0
   0.200000003
             0
   0.200000003
             0
   0.200000003
             0
             0
             8
     2.4000001
   0.600000024
   0.400000006
   0.200000003
    5.19999981
   0.800000012
    1.20000005
     2.4000001
            11
             0
   0.200000003
             0
   0.800000012
   0.200000003
    12.8000002
   0.200000003
    1.60000002
             0
   0.200000003
             0
             0
   0.200000003
             0
   0.200000003
             0
             0
   0.200000003
             0
             0
             0
             1
   0.200000003
    1.79999995
    2.20000005
    2.20000005
     3.4000001
             0
             0
             0
             0
             0
             0
   0.200000003
             0
             0
   0.200000003
             0
    2.79999995
             0
             0
             1
    12.1999998
             1
   0.600000024
             6
    3.79999995
   0.400000006
    11.3999996
     2.4000001
   0.400000006
             9
    5.80000019
             0
   0.400000006
    6.19999981
   0.800000012
             2
    4.80000019
     2.4000001
   0.200000003
             0
   0.400000006
     6.5999999
             0
   0.200000003
             0
   0.200000003
             0
   0.200000003
             0
             0
             0
             0
   0.200000003
             0
             0
   0.200000003
             0
             0
   0.200000003
             0
             0
             1
             6
             0
    2.79999995
    1.60000002
             0
             0
             0
   0.200000003
             0
             0
             0
             0
             0
   0.200000003
             0
             0
             0
             0
             0
             0
             0
             0
             0
             0
             0
             0
             0
             0
             0
             0
             0
             0
             0
             0
             0
   0.200000003
             0
             0
    3.20000005
     4.4000001
   0.200000003
             0
   0.200000003
    4.80000019
    4.19999981
    4.19999981
   0.600000024
   0.800000012
             0
             0
             0
             0
             0
             0
             1
    1.20000005
             0
   0.200000003
             0
     3.4000001
             0
             0
             0
             0
             0
             0
             0
             0
   0.200000003
             0
     6.4000001
             0
   0.200000003
             0
             0
             0
             0
             0
             0
             0
             0
             0
    1.39999998
    6.80000019
   0.200000003
             0
             0
             0
             0
             0
             0
             0
             0
             0
             0
   0.400000006
             2
             1
     5.4000001
    2.79999995
   0.200000003
             0
             0
             0
    1.60000002
             0
   0.200000003
             0
   0.600000024
             0
             0
             0
             0
             0
             0
             0
             0
             0
             0
             0
             0
             0
             0
             0
             0
             0
             0
             0
             0
             0
             0
             0
             0
             0
             0
             0
             0
             0
             0
             0
             0
             0
    5.19999981
   0.800000012
             0
             0
             0
             0
             0
             0
             0
             0
           3.5
             0
             0
             0
             0
             0
             0
             0
   0.109999999
             0
             0
             0
             0
             0
             7
    15.3699999
             0
             0
             0
             0
             0
             0
             0
             0
             0
             0
             0
             0
             0
             0
             0
             0
             0
             0
             0
             0
             0
             0
             0
             0
     2.4000001
             0
             0
             0
             0
             0
             0
   0.200000003
             0
             0
             0
             0
             0
 0.00999999978
             0
             0
             0
             0
   0.200000003
    4.19999981
   0.170000002
    5.23999977
 0.00999999978
 0.00999999978
   0.800000012
  0.0199999996
    2.56999993
    17.9599991
    41.2999992
    13.3900003
   0.219999999
  0.0500000007
 0.00999999978
  0.0199999996
  0.0199999996
   0.600000024
            11
   0.200000003
             0
    3.79999995
    2.79999995
    17.5200005
    8.35999966
     4.9000001
   0.200000003
   0.119999997
   0.680000007
   0.430000007
             0
  0.0199999996
   0.109999999
   0.310000002
   0.300000012
    3.30999994
   0.109999999
   0.300000012
  0.0299999993
             0
   0.370000005
             0
  0.0500000007
             0
  0.0500000007
  0.0500000007
   0.300000012
    3.29999995
    3.53999996
    9.06000042
    6.46999979
    25.3400002
             0
   0.300000012
    1.50999999
          1.62
   0.200000003
     2.0999999
     2.5999999
    1.80999994
             0
    0.49000001
             0
   0.189999998
             0
             0
    4.23000002
             0
             0
             0
             0
             0
             0
             0
             0
    1.60000002
    1.60000002
   0.200000003
     3.5999999
   0.800000012
             0
   0.800000012
   0.600000024
    1.39999998
   0.200000003
             0
             0
   0.400000006
   0.200000003
   0.800000012
   0.800000012
             0
   0.200000003
             0
             0
             0
   0.200000003
             0
             0
   0.200000003
   0.200000003
             0
             0
             0
   0.800000012
     2.4000001
   0.400000006
   0.200000003
   0.400000006
   0.200000003
             0
   0.200000003
             0
             0
             0
             0
             0
             0
   0.200000003
             0
             0
             0
   0.200000003
             0
   0.200000003
             0
   0.200000003
   0.200000003
             1
    5.23000002
    7.71000004
    1.84000003
   0.330000013
   0.389999986
   0.200000003
   0.200000003
  0.0900000036
             0
             0
             1
     2.9000001
   0.930000007
    2.26999998
           8.5
   0.200000003
    1.20000005
    1.88999999
    3.75999999
    1.25999999
   0.200000003
   0.200000003
             0
  0.0700000003
    16.9500008
   0.200000003
             0
             0
             0
             0
     5.1500001
   0.600000024
  0.0199999996
             0
             0
             0
   0.200000003
   0.219999999
    2.97000003
   0.469999999
             0
  0.0299999993
   0.219999999
  0.0799999982
    7.59000015
         10.21
             0
   0.140000001
 0.00999999978
    9.31999969
    19.6000004
    4.46000004
  0.0199999996
             0
    8.72000027
    0.50999999
    3.02999997
             0
   0.600000024
    2.07999992
             0
             0
  0.0299999993
 0.00999999978
             0
             0
             0
  0.0799999982
             2
    1.00999999
    4.82000017
    8.68999958
         12.75
   0.790000021
   0.569999993
             0
  0.0299999993
    3.98000002
    10.8900003
             0
             0
             0
             0
             0
             0
             0
             0
             0
             0
   0.189999998
             0
     3.4000001
             2
    9.09000015
    2.66000009
    9.53999996
    1.03999996
             0
    6.71000004
   0.620000005
    2.19000006
             0
             0
 0.00999999978
             0
  0.0199999996
             0
             0
             0
   0.649999976
             0
   0.689999998
             0
 0.00999999978
             0
             0
             0
             0
             0
             0
             0
             0
             0
             0
    11.3999996
     3.3499999
    17.2199993
    8.47999954
    4.53000021
    4.26999998
             0
             0
  0.0399999991
             0
             0
  0.0199999996
             0
             0
             0
   0.300000012
    6.69999981
   0.949999988
    13.1099997
             0
   0.519999981
             0
             0
             0
   0.170000002
 0.00999999978
             0
             0
             0
             0
             0
             0
             0
             0
             0
             0
             0
             0
             0
             0
             0
             0
             0
             0
             0
             0
             0
             0
             0
             0
             0
             0
             0
             0
             0
             0
             0
 0.00999999978
             0
             0
             0
             0
             0
             0
 0.00999999978
             0
             0
             0
             0
             0
             0
             0
             0
             0
             0
             0
             0
             0
             0
             0
             0
             0
             0
             0
    9.19999981
             0
             0
             0
             0
   0.200000003
   0.200000003
   0.200000003
             0
             0
             0
             0
             0
             0
             0
             1
            38
             0
             0
             1
   0.200000003
             0
             0
             0
             0
             0
             0
             0
             0
  0.0199999996
  0.0599999987
 0.00999999978
  0.0199999996
  0.0500000007
    16.7999992
   0.200000003
             0
             0
   0.600000024
             1
             1
   0.200000003
   0.200000003
             0
             0
     4.4000001
             0
             0
             0
             0
             0
             0
   0.200000003
             0
             0
             0
             0
             0
             2
   0.400000006
   0.200000003
             0
     2.5999999
   0.800000012
   0.200000003
             0
             0
             0
   0.200000003
    1.61000001
    2.25999999
             0
             0
             0
             0
    5.67000008
   0.310000002
   0.310000002
    5.65999985
             0
          3.75
    10.7399998
          7.75
   0.310000002
   0.600000024
             0
             0
             0
             0
   0.310000002
             0
    3.69000006
   0.930000007
    4.38000011
    1.22000003
   0.300000012
    23.9699993
          9.25
         14.79
    7.57000017
    2.77999997
             0
             0
    1.50999999
   0.600000024
             0
             0
             0
             0
             0
             0
    20.6499996
    20.0799999
    13.6899996
    7.38999987
   0.300000012
             0
             0
             0
             0
             0
    4.59000015
    1.51999998
             0
   0.300000012
   0.310000002
    1.54999995
    2.51999998
    22.6599998
   0.629999995
    3.77999997
    1.52999997
    5.63999987
             0
             0
             0
             0
             0
             0
   0.620000005
             0
   0.300000012
             0
             0
             0
             0
             0
             0
             0
   0.610000014
    11.1999998
   0.910000026
    1.82000005
             0
             0
             0
   0.300000012
             0
             0
             0
             0
             0
             0
             0
             0
             0
    3.54999995
    4.80999994
    2.16000009
    18.4699993
   0.620000005
             0
    4.98000002
    5.55999994
             0
             0
             0
             0
             0
             0
             0
             0
             0
             0
             0
     2.1400001
             0
             0
             0
             0
             0
             0
    1.21000004
             4
    2.75999999
    11.8199997
    3.36999989
   0.930000007
             0
             0
             0
             0
             0
             0
    1.25999999
    1.84000003
    5.82000017
    7.84000015
    2.49000001
    4.32999992
             0
             0
             0
             0
             0
    6.42000008
             0
             0
             0
             0
             0
             0
             0
             0
             0
             0
             0
             0
             0
             0
             0
   0.300000012
     2.1500001
    7.38000011
    5.84000015
             0
    2.17000008
             0
    1.24000001
   0.310000002
             0
   0.200000003
             0
             0
             0
             0
             0
             0
             0
             0
             0
             0
             0
    3.03999996
             0
             0
             0
             0
             0
   0.400000006
    4.09000015
   0.200000003
             0
   0.620000005
             0
             0
   0.209999993
    1.23000002
             0
             0
             0
    1.00999999
    1.02999997
             0
             0
             0
             0
             0
   0.409999996
    2.03999996
    3.82999992
             0
   0.810000002
             0
             0
             0
             0
             0
             0
             0
             0
             0
             0
             0
             0
             0
             0
             0
             0
             0
             0
             0
             0
             0
             0
             0
             0
             0
             0
             0
             0
             0
             0
             0
             0
             0
             0
             0
             0
             0
             0
             0
             0
             0
             0
             0
             0
             0
             0
             0
             0
             0
             0
             0
             0
   0.200000003
     5.1500001
             0
             0
             0
             0
             0
             0
             0
             0
             0
             0
             0
             0
             0
             0
             0
             0
             0
             0
    8.28999996
    2.24000001
             0
             0
             0
   0.209999993
             0
             0
             0
             0
             0
    2.63000011
   0.200000003
             0
   0.409999996
             0
             0
             0
             0
             0
             0
             0
             0
             0
             0
             0
             0
    1.21000004
             0
    2.05999994
             0
             0
             0
             0
             0
             0
             0
             0
             0
             0
             0
             0
             0
             0
             0
             0
             0
             0
             0
             0
             0
             0
             0
             0
             0
             0
             0
             0
             0
             0
             0
             0
             0
    3.46000004
    8.97999954
    1.46000004
    4.76999998
          1.87
   0.200000003
   0.200000003
             0
    2.04999995
    1.21000004
    6.26999998
    15.5600004
             0
   0.409999996
   0.200000003
             0
   0.400000006
    9.77000046
   0.600000024
   0.409999996
   0.200000003
             0
           2.5
    6.01000023
   0.200000003
             0
             0
    9.51000023
   0.800000012
    1.42999995
   0.400000006
             0
             0
   0.200000003
   0.200000003
   0.200000003
   0.200000003
   0.200000003
   0.200000003
             0
    2.93000007
   0.200000003
             0
             0
   0.200000003
             0
   0.400000006
             0
    3.27999997
             0
   0.829999983
    2.53999996
             4
   0.209999993
    1.92999995
   0.209999993
             0
   0.200000003
   0.209999993
             0
   0.200000003
             0
   0.209999993
             0
   0.200000003
             0
   0.200000003
             0
   0.200000003
   0.200000003
   0.419999987
    1.64999998
   0.400000006
             0
   0.400000006
             0
   0.409999996
             0
             0
             0
             0
   0.600000024
             0
   0.200000003
    2.24000001
   0.400000006
   0.200000003
             0
             0
   0.200000003
   0.200000003
             0
             0
   0.200000003
   0.200000003
   0.620000005
             0
   0.200000003
             0
             0
             0
    3.69000006
             0
             0
             0
             0
   0.200000003
   0.200000003
             0
             0
             0
             0
             0
             0
             0
   0.200000003
             0
             0
             0
   0.200000003
             0
             0
             0
             0
             0
             0
             0
             0
             0
             0
   0.200000003
   0.200000003
    1.21000004
   0.829999983
   0.200000003
             0
             0
             0
   0.200000003
             0
             0
             0
             0
             0
             0
             0
    1.03999996
   0.209999993
             0
   0.200000003
             0
             0
             0
             0
             0
             0
             0
             0
             0
             0
             0
   0.819999993
    5.94999981
             0
    2.48000002
    3.70000005
    12.6000004
    4.34000015
   0.200000003
   0.610000014
    1.89999998
   0.829999983
    1.64999998
   0.209999993
    4.61000013
   0.639999986
             0
             0
    1.69000006
    1.48000002
    2.49000001
   0.209999993
             0
   0.209999993
             0
    12.0699997
    4.28000021
    5.19999981
    9.85000038
    4.92000008
   0.419999987
   0.819999993
   0.200000003
    10.9700003
    4.32999992
    3.86999989
   0.200000003
    1.02999997
    9.06999969
             0
             0
             0
             0
             0
             0
             0
             0
             0
    2.88000011
    1.24000001
    6.90999985
             0
   0.409999996
             0
             0
             0
             0
             0
             0
             0
             0
             0
             0
    6.15999985
   0.200000003
             0
             0
             0
   0.200000003
             0
             0
             0
             0
             0
             0
             0
             0
             0
             0
             0
             0
   0.209999993
             0
             0
             0
             0
             0
             0
             0
             0
             0
             0
             0
             0
             0
             0
             0
             0
             0
             0
             0
             0
             0
             0
             0
             0
             0
             0
             0
             0
             0
             0
             0
             0
             0
             0
   0.829999983
    6.53000021
    6.55000019
             0
             0
             0
             0
             0
             0
             0
             0
             0
             0
             0
             0
             0
             0
             0
             0
             0
             0
    5.78999996
             0
             0
             0
             0
             0
             0
             0
             0
             0
             0
             0
             0
             0
             0
             0
             0
             0
             0
             0
   0.209999993
             0
             0
             0
    31.0499992
   0.200000003
             0
             0
             0
             0
             0
             0
             0
             0
             0
             0
             0
             0
             0
    4.42000008
             0
    18.1100006
   0.409999996
             0
   0.409999996
             0
             0
             0
             0
             0
             0
             0
             0
             0
             0
             0
   0.409999996
    4.28999996
             0
   0.200000003
     2.8900001
             0
             0
    21.2999992
    31.1700001
             1
   0.200000003
             0
             0
   0.200000003
    2.25999999
    4.67000008
    14.9099998
   0.209999993
             0
             0
    14.6999998
             0
    1.46000004
    1.22000003
    2.45000005
    6.67999983
             0
   0.200000003
    1.24000001
    8.14999962
   0.200000003
    2.05999994
   0.409999996
             0
   0.200000003
   0.200000003
   0.610000014
    2.63000011
    2.01999998
   0.409999996
             0
             0
   0.620000005
   0.200000003
   0.200000003
     4.8499999
    13.5799999
   0.610000014
   0.200000003
   0.200000003
   0.200000003
    3.41000009
   0.200000003
             0
             0
   0.620000005
   0.209999993
   0.400000006
   0.400000006
   0.400000006
             0
   0.200000003
             0
   0.200000003
    1.86000001
    21.5799999
          1.87
    2.51999998
             0
    1.21000004
   0.610000014
    1.47000003
    1.64999998
             0
             0
   0.200000003
    3.73000002
   0.200000003
   0.200000003
   0.200000003
    1.66999996
   0.200000003
    2.68000007
             0
   0.200000003
   0.200000003
   0.200000003
   0.200000003
   0.200000003
   0.200000003
             0
    1.41999996
   0.200000003
    1.21000004
    6.11000013
   0.200000003
   0.200000003
   0.200000003
    2.51999998
    2.06999993
             8
    16.4799995
     2.9000001
   0.419999987
    11.6999998
    2.47000003
             0
    3.00999999
   0.200000003
    5.82999992
             0
   0.200000003
   0.200000003
   0.200000003
    6.30999994
   0.209999993
             0
   0.200000003
   0.200000003
   0.209999993
   0.200000003
             0
   0.200000003
    5.55999994
             0
             0
             0
   0.200000003
             0
   0.200000003
    4.26999998
             0
    1.20000005
             0
    9.46000004
    5.13999987
   0.419999987
             0
   0.200000003
             0
    5.57999992
             0
             0
   0.200000003
             0
             0
    1.44000006
    5.23999977
    7.71999979
    10.0799999
    8.18999958
    6.88000011
    2.33999991
    1.47000003
             0
             0
   0.200000003
    3.46000004
    16.2999992
             0
    6.67000008
   0.209999993
             0
    7.86000013
   0.419999987
    1.65999997
    7.55000019
         18.75
   0.620000005
    1.65999997
    21.4699993
             0
    10.9499998
     5.0999999
    2.48000002
    1.63999999
    9.71000004
             0
             0
    1.86000001
             0
   0.839999974
   0.419999987
    8.81999969
             0
             0
             0
   0.200000003
             0
   0.200000003
             0
             0
             0
             0
             0
             0
             0
             0
    7.42999983
   0.419999987
   0.209999993
     3.3599999
    4.30000019
   0.200000003
             0
             0
             0
             0
             0
   0.200000003
             0
    5.67999983
   0.200000003
             0
             0
   0.200000003
             0
    6.78999996
    4.34000015
    5.42999983
   0.209999993
   0.209999993
             0
             0
             0
             0
             0
             0
             0
             0
             0
     2.0999999
             0
             0
             0
             0
             0
             0
             0
    1.01999998
    1.40999997
             0
             0
             0
             0
             0
             0
             0
             0
             0
    3.25999999
    6.69999981
   0.200000003
             0
             0
             0
             0
             0
             0
             0
   0.200000003
             0
             0
             0
             0
             0
             0
             0
             0
             0
             0
             0
             0
             0
     2.8599999
   0.200000003
             0
    14.8400002
             0
             0
             0
             0
             0
             0
             0
             0
             0
             0
             0
             0
             0
   0.829999983
   0.200000003
             0
             0
             0
             0
             0
             0
             0
             0
             0
             0
             0
             0
             0
             0
             0
             0
             0
             0
             0
             0
             0
             0
             0
             0
             0
             0
             0
             0
             0
             0
             0
             0
             0
             0
             0
             0
             0
    31.2299995
   0.200000003
    5.94999981
             0
             0
             0
             0
             0
             0
             0
             0
             0
             0
             0
             0
             0
             0
             0
             0
             0
             0
             0
    40.2200012
    19.5799999
    1.64999998
   0.819999993
