#
   0.531830469
    1.18527384
    1.17382945
    1.39359066
    1.26943185
    1.16554379
      1.279603
    1.12024328
   0.819905773
   0.664513352
    0.80305538
    0.85633886
   0.946290182
   0.892069023
    1.01459367
   0.554813622
   0.500823868
   0.798974594
   0.732851337
    0.68537767
   0.671981497
   0.528645864
   0.544899795
   0.447454733
    0.30445502
   0.342960525
   0.232410479
  0.0973033178
 0.00248558688
 0.00202075558
 0.00226918103
0.000985448376
0.000768732276
 0.00154384468
 0.00122281996
0.000953989129
0.000947113423
 0.00146228011
 0.00262108506
 0.00188896799
0.000960191842
0.000947987815
 0.00120719692
 0.00189137061
 0.00173605373
 0.00169788969
 0.00190576828
 0.00249007412
 0.00289247405
 0.00191819762
 0.00149110608
 0.00197615763
 0.00235530029
 0.00135277215
0.000996558263
 0.00111310278
 0.00173555114
 0.00147094882
 0.00131098035
 0.00208885773
 0.00147005968
 0.00108205797
 0.00181267353
 0.00230092952
 0.00268273617
 0.00270050791
 0.00223666731
 0.00130497346
 0.00131654262
  0.0017668876
 0.00223756972
 0.00117187255
0.000816401383
 0.00097525977
 0.00146159958
 0.00103298998
 0.00137214272
0.000828026054
 0.00145586328
 0.00133685522
 0.00142381171
 0.00186528871
  0.0018240204
 0.00152326067
 0.00163494952
 0.00142077526
 0.00191847054
 0.00183889393
 0.00208436605
 0.00173527126
 0.00109261958
0.000734725325
  0.0014310803
  0.0019013589
 0.00110535842
0.000682258767
0.000410399723
0.000389796354
0.000800146866
 0.00171971391
 0.00147084712
 0.00155706252
0.000856241119
0.000599656652
0.000928127526
 0.00108138016
 0.00145190886
 0.00178760022
 0.00125941734
 0.00134857108
 0.00131146195
 0.00149439223
0.000811867581
0.000987755993
 0.00128264178
0.000743881801
0.000713583398
0.000596540476
0.000710413864
0.000851618852
0.000809026827
0.000784129997
0.000935000479
0.000667174966
0.000719805022
0.000574810379
 0.00095891021
  0.0012835231
 0.00084970785
  0.0299840232
   0.139545972
    0.17152129
   0.279980543
   0.143356993
   0.280445508
    0.37289125
   0.496485638
   0.552072553
   0.428344782
   0.405305017
   0.384520246
   0.553218378
   0.442692427
   0.174722851
   0.428305256
   0.684565178
   0.733727396
   0.777641194
   0.869037896
   0.460113733
   0.343916623
   0.395787058
  0.0613545076
   0.107979659
   0.417442495
   0.313503157
   0.110091533
   0.167384077
   0.280046342
   0.264919988
   0.223341955
   0.371962646
   0.607035011
   0.373810185
   0.194196467
   0.429727195
   0.470108717
   0.419010601
   0.249391918
   0.258764823
   0.149292955
   0.157493954
   0.248752457
   0.262935806
   0.468327282
   0.444347229
   0.374468172
  0.0956320519
   0.208017454
   0.128062157
   0.111400283
  0.0263761292
  0.0558224849
  0.0565850974
   0.110884589
   0.179802039
  0.0369728808
   0.153763197
   0.073902133
  0.0790218587
   0.052565372
   0.152992181
   0.193040832
    0.12844361
  0.0817209616
  0.0713815138
  0.0333101381
  0.0249770785
  0.0586388638
   0.327414121
   0.253634438
   0.223741175
   0.128476469
   0.284850984
   0.241537519
   0.393187995
   0.277890642
   0.274508281
   0.184242406
   0.195420825
  0.0702126302
   0.150160228
   0.158096766
   0.141078239
   0.194304567
   0.248972079
   0.161106665
  0.0865726656
  0.0389702718
   0.135996875
  0.0378659403
  0.0194341918
 0.00961282832
  0.0138811904
  0.0888762108
   0.211603929
   0.158578393
   0.014637214
   0.197926726
  0.0729692491
   0.316529751
   0.356469839
   0.162312243
  0.0724386625
  0.0853700802
  0.0945552522
  0.0727643392
   0.154500149
  0.0903063885
   0.125655382
    0.17919608
  0.0908513943
   0.104366004
   0.277011698
   0.129835288
   0.274280185
   0.104689655
   0.149196494
    0.10829536
   0.112631258
    0.10879825
   0.191593969
   0.171678923
   0.211595705
   0.205189036
    0.41620063
   0.559318614
    0.50142957
   0.585465624
   0.610904129
    0.61476062
   0.657632919
   0.716711529
   0.672323956
   0.580901996
    0.61120557
   0.672011048
   0.712519053
   0.743324314
   0.739783207
   0.876669669
   0.857095004
   0.692988473
   0.422932372
    0.26675737
   0.317300216
   0.450834279
   0.244113906
   0.414737593
   0.804449173
   0.933776984
    1.02967305
   0.923516996
   0.970133447
   0.938971526
    1.00757016
    1.00096847
   0.914442337
   0.976276137
    1.05332284
   0.995644879
    1.04920027
    1.08289375
    1.06090548
    1.06986968
    1.04532595
    1.02924962
    1.09122962
     1.0998727
    1.12503592
   0.928239171
   0.636741963
   0.719716728
   0.782489701
   0.786652404
    1.09978569
    1.09898808
    1.17851198
    1.10135522
   0.957413319
   0.560791996
    1.17164532
    1.31530878
   0.513177552
    0.83079087
    1.06080657
    0.97470995
   0.817009479
   0.416125533
   0.378665479
   0.398819955
   0.590468358
   0.789707373
    1.05363799
    1.29131722
    1.33982309
    1.40526496
    1.34023368
    1.16246202
   0.928981539
    0.78465917
   0.791173361
    1.23359228
   0.848452095
      1.029196
    1.34321845
    1.42796942
     1.4516625
    1.47766913
    1.56044297
    1.59720481
    1.45320483
    1.24003914
    1.27244752
   0.939810331
   0.605302385
   0.887861844
    1.25725407
    1.27918988
    1.58837816
    1.51165155
    1.42355697
    1.50237983
    1.68233334
    1.55741038
    1.61725338
    1.33015268
    1.02323725
   0.691625482
    1.00279638
    1.53432906
    1.64565637
    1.71072272
    1.73330428
     1.6750387
    1.69227189
    1.67399177
    1.57181004
     1.2217528
   0.840021154
   0.632552376
   0.864678068
   0.708223995
    0.99069084
   0.963909354
   0.924038579
    1.09147313
     1.0727984
    1.11634251
   0.309025622
   0.993595947
   0.380805086
   0.819308327
   0.574646657
   0.713291352
   0.600072637
   0.539471977
   0.522414339
   0.460312582
   0.418678506
   0.233213988
   0.273165085
   0.228836214
  0.0740810169
 0.00162598268
    0.00208075
  0.0132478639
 0.00150679948
 0.00169184848
 0.00121158136
 0.00116017042
 0.00141849481
 0.00227739954
 0.00192899849
 0.00207141094
 0.00228913981
  0.0021711398
 0.00171642361
0.000988316046
 0.00138525258
 0.00226085652
 0.00236398779
 0.00160751376
 0.00234500182
  0.0025490041
 0.00238358106
 0.00157944981
0.000699690591
0.000903230878
 0.00167698576
 0.00265840933
 0.00190238208
 0.00182781866
 0.00209399732
 0.00155031457
 0.00214623827
0.000863166134
 0.00097220403
 0.00190527541
 0.00216355216
 0.00210634946
 0.00185457298
 0.00141768115
 0.00148865494
 0.00127069977
 0.00143219992
 0.00166754463
 0.00194174089
  0.0022374909
 0.00221503287
 0.00266980953
 0.00254465535
  0.0027898574
 0.00259635752
 0.00271126834
 0.00194930365
 0.00153875322
 0.00227978232
 0.00267924146
 0.00143282981
 0.00112580123
 0.00162407188
 0.00225659413
 0.00251839015
  0.0171893642
 0.00177742538
 0.00242426337
 0.00147713925
 0.00118632888
 0.00162789246
 0.00125245012
 0.00139345473
 0.00135503759
  0.0022935364
 0.00150851718
 0.00155422592
   0.006390321
 0.00120747269
 0.00160872722
 0.00183424433
0.000774463779
 0.00188825659
 0.00167435453
 0.00127221781
0.000837690553
 0.00204202313
 0.00312347202
 0.00104661169
0.000967781277
 0.00092123312
 0.00102017598
0.000941968606
 0.00194787696
 0.00101779901
0.000719209043
0.000856224893
0.000641987495
0.000891898484
0.000774813662
 0.00110047268
0.000656677865
0.000540590984
0.000378382723
0.000321184548
0.000362108159
  0.0585963273
   0.183585985
   0.165979547
    0.24085709
   0.285695699
   0.368284858
   0.326950723
   0.374482305
   0.449924577
   0.357078514
   0.401561497
   0.104533563
   0.114103676
   0.273957626
   0.153798634
   0.197700233
   0.210518293
   0.248633062
   0.621280652
   0.625197533
   0.687752206
   0.571752023
   0.556607729
   0.266382201
   0.645075305
   0.458988731
   0.353184111
    0.30763009
   0.103802925
   0.129110655
   0.491126522
   0.269763089
   0.212180749
   0.200839925
   0.387570024
   0.386035436
    0.43893668
    0.24934412
   0.300481951
   0.309071013
   0.250912951
   0.300330438
   0.233348752
   0.190295871
   0.235840811
   0.240903694
   0.251956233
  0.0925292491
  0.0706066597
   0.101647634
   0.107921889
   0.115175914
    0.12068697
  0.0115790448
   0.122584062
   0.234231394
   0.147299264
  0.0678046297
  0.0678936671
   0.105704809
   0.205691719
   0.246873234
   0.182110621
  0.0872281452
  0.0366852964
  0.0402239238
  0.0468201643
  0.0182070722
 0.00491438259
1.83477292E-05
  0.0690851045
 0.00694650335
0.000101930398
  0.0080703469
  0.0384217892
  0.0515137045
  0.0268658359
  0.0776913145
  0.0337429879
  0.0892132836
  0.0161001254
  0.0407770128
   0.097986141
  0.0543613308
  0.0626664576
  0.0715794183
  0.0223596327
  0.0239974584
  0.0927144913
   0.227366008
  0.0437203152
  0.0199558037
  0.0124874785
0.000165387663
4.87455455E-05
 0.00127681572
  0.0276624796
   0.149871548
   0.127608257
   0.018041889
  0.0525807576
  0.0918164065
   0.140233395
   0.315416308
   0.236901974
   0.105201939
   0.125895636
   0.131553222
   0.282280108
   0.104090224
  0.0935623684
  0.0315973745
  0.0624103968
   0.166145484
   0.105799091
   0.254028004
    0.28322106
    0.10594818
   0.044141802
  0.0515561143
    0.13119615
   0.116872809
   0.178435516
   0.110204951
   0.121177798
    0.10114451
  0.0126973176
0.000734952201
7.09767908E-05
3.74730521E-05
4.90473926E-05
6.39665742E-05
  0.0882999763
   0.149675152
   0.155815417
   0.108213949
  0.0515173991
  0.0740470406
     0.1838464
   0.194751195
   0.436156003
   0.223569024
   0.318264156
   0.522070127
   0.288531873
   0.248638727
   0.356848243
  0.0568509508
  0.0744671535
  0.0172225452
   0.301876629
    0.16278656
  0.0108479536
   0.111615587
   0.102588763
  0.0443590528
   0.117553505
    0.29869773
   0.225111569
   0.472994631
   0.503660733
   0.337557196
   0.310621222
   0.635586674
   0.732470493
   0.584844617
   0.301564133
    0.51375414
   0.388322845
   0.436300606
   0.600063328
   0.215056589
   0.580167879
   0.291238126
   0.526288755
   0.337861994
   0.264233494
    0.68456921
   0.655259479
   0.520949543
   0.844576274
    1.02916535
   0.862187547
   0.941175442
   0.897038099
   0.980502477
   0.881293921
   0.409122651
   0.477491237
   0.631377717
   0.586058276
   0.673136549
   0.677717154
   0.820184631
   0.491071932
   0.826284216
   0.576419958
   0.969730797
   0.988908511
    1.27991899
    1.23856497
    1.28401502
     1.3926695
    1.19339836
    1.25257075
    1.17812049
    1.18104839
     1.2413436
    1.07963972
   0.796275281
   0.476354748
   0.299409777
   0.580893197
   0.642553153
   0.647772282
   0.529132109
   0.455624056
   0.192076698
    0.52582127
   0.655854426
    1.02177513
    1.21653445
    1.44466989
    1.45795737
    1.47448973
    1.44026793
    1.27108679
    1.36852722
   0.732738323
    1.28040648
   0.938040385
     1.2029783
    1.30805012
     1.4595397
    1.47351025
    1.29944638
     1.3825311
    1.39743144
    1.37433048
    1.26755664
    1.13374929
    1.14210454
    1.12704256
    1.07727059
      0.676446
    0.55891918
   0.676010636
   0.625935777
   0.728325005
   0.717943484
   0.750181635
   0.610944692
   0.726994954
   0.656274567
   0.677768656
    0.64989433
   0.592300161
   0.477786021
   0.410207958
   0.297934265
   0.311977038
   0.245241424
   0.185819124
   0.105828454
 0.00185288277
  0.0016369242
 0.00166991887
  0.0014458459
  0.0278944074
 0.00176127094
 0.00325275826
 0.00240310709
 0.00164118916
 0.00155808255
 0.00180502964
 0.00185680766
 0.00116304722
 0.00107880775
0.000715611344
 0.00154850099
 0.00101895972
 0.00157318542
  0.0017249024
 0.00233313312
 0.00124800786
 0.00105017935
 0.00120387018
 0.00130522863
  0.0014156629
 0.00161362739
 0.00145762199
 0.00183358107
 0.00202901349
 0.00159011893
 0.00173595751
 0.00224968525
 0.00169276368
 0.00117555151
 0.00119305004
 0.00149457278
 0.00125683632
 0.00136308595
 0.00177152388
  0.0017350816
 0.00164203538
 0.00171415283
  0.0017121482
 0.00127042606
0.000874370483
0.000918216298
 0.00129627758
 0.00117984306
 0.00148186235
  0.0010908724
  0.0013711584
 0.00185637991
 0.00216298497
 0.00144018939
0.000637613212
 0.00123568891
 0.00179893095
 0.00138723776
 0.00111532583
 0.00120068311
 0.00163648531
 0.00151994402
 0.00164847571
0.000592123585
 0.00109754456
 0.00166307847
 0.00140877893
 0.00140527488
0.000600776253
0.000208853381
0.000379218779
0.000966506923
 0.00131636489
 0.00164426721
 0.00100959552
 0.00117269537
 0.00168734487
 0.00128423427
 0.00062375422
0.000304881492
0.000589413298
 0.00105541683
 0.00883331052
  0.0015047986
  0.0020777504
0.000480380784
0.000327001653
 0.00052388239
0.000515809964
0.000849685465
 0.00159712049
 0.00362000964
0.000657505678
0.000956025945
0.000919209338
 0.00068542527
7.55922278E-05
0.000247278057
0.000395185303
0.000352140748
0.000452176236
  0.0518740253
  0.0540103095
  0.0813895088
   0.103901505
   0.187083452
    0.23218378
   0.307698026
   0.227929244
   0.212008114
   0.245657339
   0.218795998
   0.317749698
   0.488144454
   0.517015865
   0.389526221
   0.522876788
   0.262304874
   0.397599672
   0.405004169
   0.629210453
   0.675596071
   0.059195978
  0.0348294063
  0.0271991446
   0.300181125
   0.425684434
   0.482728845
   0.501256572
    0.28990449
   0.501664943
   0.166997244
  0.0130214795
  0.0356984908
   0.201004051
  0.0573504809
  0.0552554024
   0.140516431
    0.11561578
  0.0497792133
  0.0960983242
  0.0825725079
   0.066758474
 0.00556863076
   0.101743887
   0.028965934
 0.00819536217
  0.0855854966
  0.0426677202
  0.0538079706
5.36813333E-05
8.82922157E-05
7.57394701E-05
6.43226331E-05
2.54932116E-05
1.52208719E-05
3.38099862E-05
  0.0115732395
0.000307600979
  0.0277354809
   0.118714442
  0.0812075798
   0.117779938
 0.00455591785
  0.0746310043
   0.197633587
   0.200392201
    0.18476891
   0.114574074
6.52679277E-05
5.34803626E-05
7.54866887E-05
 0.00747787348
3.17923363E-05
  0.0542600043
  0.0267911866
  0.0400909936
1.80416319E-05
0.000127506016
4.05101579E-05
 5.3692923E-05
  0.0437595144
  0.0516907291
   0.110707214
  0.0414849364
  0.0626107701
  0.0880746837
   0.112507669
  0.0517408247
  0.0115591277
  0.0173157283
  0.0568823052
  0.0534328438
  0.0239441423
  0.0107907123
0.000267730939
   0.032652608
  0.0544123259
  0.0133633095
 0.00419586367
 2.0276188E-05
 0.00326518096
  0.0781488384
     0.0621157
    0.02927676
  0.0395455291
6.86566679E-05
7.42704976E-05
6.74116196E-05
8.27215897E-05
6.55619363E-05
  8.549072E-05
  0.0001096965
  0.0111733181
4.26951453E-05
1.80619694E-05
0.000295744299
5.77177605E-05
 0.00585587407
  0.0911031812
   0.350220678
   0.376269843
   0.482842604
   0.515733866
   0.432661576
   0.199980756
   0.395844866
     0.3793952
   0.118977653
 0.00313200189
2.37706924E-05
 1.7109462E-05
9.25910946E-06
  0.0355404538
  0.0532245382
   0.148960531
  0.0508248885
   0.010733588
   0.287618297
   0.548373412
   0.475963829
   0.454138655
   0.570534706
   0.227315205
   0.167632955
  0.0174111585
  0.0238955778
 0.00630018236
5.07541067E-05
   0.141281951
   0.284036815
   0.542252444
   0.340968322
   0.366707395
   0.687796205
   0.320877637
  0.0902244203
  0.0434757259
  0.0562439179
   0.183806391
   0.137431115
   0.445476482
   0.672475337
   0.729350658
   0.889694226
   0.637520454
   0.527982955
     0.1276252
   0.368890831
   0.432137322
   0.206146492
   0.128744243
  0.0303157072
   0.417778335
   0.401680736
   0.853548362
    1.19407395
   0.622599642
  0.0727346415
   0.406546036
    1.01260813
    1.04798103
    1.17609002
     1.2810217
    1.31199974
    0.95654391
   0.930231184
   0.984430586
    1.13222603
    1.31125517
    1.20029125
    1.01231666
    1.11120332
    1.20542647
   0.454152926
   0.380380189
   0.467987311
   0.320591972
   0.546738425
   0.488307124
   0.715235711
   0.688907528
    1.18136367
    1.25211551
   0.511043624
   0.467321353
   0.578691971
    1.12162376
     1.0259885
    1.12855329
    1.33932989
    1.11441141
   0.619980467
    1.04961715
    1.45072355
    1.42924391
     1.3332507
    1.42039971
    1.41190372
    1.48714706
    1.28694782
    1.33910842
   0.677680898
    1.15104828
   0.962107094
    1.41208011
    1.40918302
    1.44257554
    1.27833877
    1.49286152
    1.31394204
      1.385795
   0.620787369
    1.35443782
     1.4215382
    1.02296766
    1.31033352
    1.32534486
    1.22553408
    1.33689726
    1.25847713
    1.13815179
   0.689242525
   0.644080394
    1.00644392
   0.629287202
   0.895628248
    1.00000858
   0.960224613
   0.982457571
    0.91539953
   0.820524815
   0.769320799
   0.654699396
   0.605629049
   0.710043012
   0.644243981
   0.588312635
   0.461646605
   0.406532822
   0.375375544
    0.34153971
   0.287725275
   0.180453579
  0.0929723397
0.000816587188
 0.00130326929
 0.00166808991
 0.00201354759
 0.00108022052
  0.0018183937
 0.00123093002
0.000890629128
0.000600274392
0.000716355363
 0.00108320565
 0.00186344055
 0.00151848995
0.000561208507
0.000892467641
 0.00128239045
 0.00187708719
 0.00102912608
0.000835462996
 0.00086064883
0.000935401139
 0.00142174046
 0.00136767134
 0.00105957672
 0.00125172857
 0.00133048762
 0.00145654306
 0.00190436365
 0.00127542405
 0.00152364913
  0.0018454401
 0.00146999746
  0.0016926924
 0.00175862438
0.000486359858
 0.00203443119
 0.00145450568
 0.00110257421
0.000549995043
 0.00103776329
 0.00113169433
 0.00123429178
 0.00149178169
 0.00257380268
 0.00233003335
 0.00161430708
 0.00127307934
  0.0019086809
 0.00215944837
 0.00129417769
 0.00186189959
 0.00227836679
 0.00238596863
0.000485168735
0.000566957413
 0.00183062493
 0.00100964359
0.000903887294
0.000488602225
 0.00114766569
 0.00142216204
 0.00150704896
 0.00137043427
0.000635035324
0.000407918028
0.000590218446
0.000344866351
0.000487106598
 0.00110101491
 0.00196681269
 0.00209281648
 0.00198770735
 0.00190500005
0.000962095693
0.000510944244
 0.00150478487
 0.00247153635
 0.00128244802
 0.00180931883
 0.00154906715
 0.00102737702
0.000735827458
0.000722041914
 0.00111678597
 0.00132206659
 0.00111035128
0.000972027108
0.000920247653
 0.00156470398
  0.0220464204
 0.00183183325
0.000882340501
 0.00119252717
 0.00140721105
 0.00137303412
 0.00107090455
  0.0021726248
 0.00137363519
 0.00158616516
 0.00149182162
0.000619110817
  0.0833963337
   0.153795731
   0.255529614
   0.353106918
   0.398217568
   0.435185927
   0.466609188
   0.500985957
   0.530920745
   0.545725034
   0.619770647
   0.577847466
   0.659423786
     0.6079762
     0.6914814
   0.238330339
   0.224374167
   0.101701374
   0.119746855
   0.402108342
   0.424042941
   0.300200612
   0.441045703
   0.502666152
   0.187742988
  0.0412142666
   0.047122047
    0.13634063
   0.189698979
   0.290674703
   0.433809194
   0.171100534
   0.055870768
   0.197984208
   0.292918457
   0.422472268
    0.43948877
  0.0987551268
  0.0179659018
   0.150461698
   0.289266429
   0.242869568
  0.0323471915
   0.193920413
  0.0376297202
  0.0424759392
   0.221213484
  0.0670127126
   0.277256026
   0.108271799
 0.00424215086
  0.0702176463
  0.0787675817
   0.163753414
  0.0916685106
  0.0262013143
   0.118638554
  0.0396870975
  0.0978243637
  0.0788164257
     0.1919529
  0.0160802162
  0.0189073965
 0.00598280364
 0.00509666708
  0.0308795227
  0.0193260994
  0.0177530132
  0.0397417547
   0.010550007
 0.00790971759
 0.00809794746
  0.0979650603
  0.0238606075
   0.119899032
1.37025668E-05
5.50603211E-05
   0.022819191
  0.0938124899
   0.158311155
   0.202705703
    0.11037626
 0.00431612134
  0.0874239595
  0.0946253842
 0.00393283051
  0.0219261341
  0.0152887253
   0.189086468
  0.0390904335
   0.155979569
  0.0538565486
  0.0227296674
1.77081118E-05
  0.0100868151
0.000538887112
   0.048624905
   0.452381448
   0.429304112
   0.152777439
   0.114090172
   0.252893753
   0.442900195
    0.40614029
   0.176533439
   0.454226621
  0.0826948495
   0.191354749
    0.47997965
   0.415331907
   0.203030687
   0.167005669
   0.470994002
   0.580038858
   0.503020299
   0.647553552
   0.162231371
   0.406932235
   0.475890654
   0.583160478
    0.40230165
   0.520914791
   0.492436018
   0.534319494
   0.432456979
    0.44948451
   0.664385098
   0.541145492
   0.645561825
    0.51262527
   0.708209391
   0.654512245
   0.649161932
   0.828647636
   0.761527534
    0.72716587
   0.840101365
   0.922076882
   0.922643246
   0.783298064
   0.932242324
   0.851172832
    0.90710678
   0.936022067
   0.987708831
   0.812231036
   0.917765347
   0.546066968
   0.232897707
   0.806078546
   0.862331697
   0.914143481
    1.00108015
    1.07198664
    1.07463803
    1.05404703
    1.05632627
    1.05558869
    1.10854161
   0.976713642
   0.798823751
    0.42820772
   0.843907686
    1.08490156
   0.993369419
   0.464965622
    1.12989247
   0.972555673
    1.08489858
     1.0109556
    1.02093005
    1.15203469
     1.1804869
      1.167591
    1.12315878
    1.03922347
   0.974773967
   0.875599561
   0.462985172
   0.573272241
   0.320353713
   0.298755078
   0.263033259
    1.27489376
    1.38553154
   0.516651513
   0.336907009
   0.494018594
   0.777080447
   0.661499414
   0.930770748
    1.34214532
    1.02734246
   0.133330558
   0.500081348
   0.763883065
   0.613645603
   0.897709767
       0.42815
   0.996983522
   0.305494688
   0.489250517
   0.376003082
    0.41091349
   0.421488774
   0.835663932
   0.905600861
   0.951192155
    0.36334337
    0.56487292
   0.886768317
   0.856097185
   0.782770284
     0.9804913
    1.50776316
    1.43174658
    1.09409419
    1.29942714
    1.39260701
    1.53917983
    1.51245948
    1.49993261
    1.47887833
    1.49425862
   0.910142619
    1.15079325
    1.13251534
    1.45091806
    1.57713354
    1.62141567
    1.56282937
    1.48148965
    1.57807035
    1.52632565
    1.65426411
    1.62885536
     1.6138031
    1.47544397
     0.8748018
    1.21797991
    1.40278827
    1.21980189
    1.05852957
   0.934401376
    1.09612691
   0.947415539
    0.68592554
   0.894460751
   0.738243592
   0.973689888
   0.834690294
   0.771192404
   0.753260797
   0.727112738
   0.578502235
   0.667022308
   0.479841153
   0.425363658
   0.528880039
   0.459026557
   0.358125676
   0.245534816
   0.169202214
  0.0581221481
  0.0017044201
0.000834125779
 0.00175826488
  0.0210655938
 0.00195609133
  0.0260331007
0.000794127092
0.000733178791
 0.00148326234
  0.0245077332
  0.0384088677
   0.022306534
  0.0211133078
 0.00263121025
 0.00184264009
 0.00101222098
 0.00117728545
  0.0202942147
 0.00153980896
 0.00254244844
 0.00352320679
 0.00213523958
   0.001929943
   0.001487473
 0.00176745082
 0.00172131567
 0.00236277695
  0.0026006336
 0.00110946565
 0.00146945218
  0.0229671399
  0.0329731791
  0.0501387172
   0.021234127
  0.0074596594
 0.00592153642
 0.00157334334
 0.00132007583
0.000795055998
  0.0196380509
  0.0249355395
 0.00288467949
  0.0519592511
 0.00283498557
 0.00173367728
 0.00154345115
  0.0194602465
 0.00517130339
0.000669824878
  0.0442485835
  0.0458774007
  0.0253938873
 0.00300248741
   0.045523938
  0.0467208757
 0.00279440706
 0.00192355879
 0.00117069774
  0.0438720246
  0.0194708446
  0.0243077068
  0.0199987379
 0.00100910226
  0.0408756725
0.000940179849
0.000935795649
 0.00102353663
0.000839450585
0.000984490085
 0.00510047816
 0.00104507273
  0.0012636406
  0.0185003302
  0.0375464927
   0.016826058
 0.00106375264
  0.0440900834
0.000299958573
  0.0126239843
 0.00170952029
  0.0553600815
  0.0467478171
  0.0253482175
0.000493219984
 0.00120096632
  0.0462916135
  0.0509404812
0.000167263334
0.000169192163
0.000128808673
0.000249423241
  0.0388177434
0.000165740146
0.000131039841
  0.0399538517
  0.0199008323
   0.055159284
 0.00271324187
 0.00158982563
  0.0200341072
0.000368435402
    0.22498788
   0.157412112
   0.196979219
   0.228305314
   0.146758163
   0.335971974
   0.286386466
     0.1042861
   0.341225966
   0.302115765
   0.089488679
   0.117954356
   0.277495822
   0.400547073
   0.552721296
   0.485799203
    0.46330629
   0.109762875
   0.253623696
   0.286658837
   0.330394094
   0.205128132
    0.50411108
  0.0493399262
   0.291777171
  0.0862036283
   0.209784099
   0.155247235
  0.0936076921
   0.197016008
   0.184415133
  0.0782761091
  0.0981309809
   0.281849565
    0.10475269
   0.129543036
   0.186880343
   0.226755656
   0.277477872
   0.215349371
   0.252385788
   0.193350259
   0.202518062
   0.354438428
   0.169275653
     0.1843581
   0.306442658
    0.25571487
  0.0621385211
   0.113154892
  0.0842778999
  0.0799973176
  0.0895246913
   0.118149992
  0.0529014041
   0.113246816
   0.162789173
   0.243696372
  0.0627428668
   0.062350727
   0.152054762
   0.157621994
   0.127812761
   0.117389487
   0.148706937
  0.0134966994
  0.0864913766
  0.0341060296
  0.0321485244
  0.0624101731
  0.0398905292
   0.108092936
  0.0640586128
   0.120151558
  0.0906943334
  0.0582205854
    0.13496783
   0.239637211
   0.177341061
  0.0750625384
   0.124065358
   0.176410319
    0.17388272
  0.0549321688
  0.0942703313
  0.0409679571
   0.110950058
   0.139106324
   0.160919005
   0.261978206
   0.350996744
   0.293267717
   0.251104132
   0.332921035
    0.07333143
   0.178198632
   0.104731139
  0.0422809327
  0.0374023681
   0.113734051
  0.0557460894
  0.0222629182
  0.0697453256
  0.0400892121
  0.0332250157
  0.0223103547
  0.0508585278
  0.0102410083
  0.0191171666
    0.10221918
   0.154380681
   0.246377201
  0.0485882167
    0.19965405
   0.395155048
   0.252590851
   0.432415858
   0.152103302
   0.105906201
   0.214923012
   0.437611907
   0.243336114
  0.0881791006
   0.168926774
   0.181153696
   0.286609961
  0.0386792572
  0.0432393521
  0.0995601914
    0.25431585
    0.47270286
   0.414747538
   0.433244884
   0.166373573
   0.301613958
    0.22164122
     0.3274134
   0.169269516
  0.0792659872
    0.11574569
   0.101320378
   0.188608709
    0.30031128
  0.0244491853
  0.0644584447
   0.202509444
    0.35941206
   0.463077462
  0.0535614568
   0.146024631
   0.215060155
   0.188915214
   0.133821316
   0.255959954
   0.150217422
   0.143786659
   0.183387825
   0.113644368
   0.236615682
   0.473409911
   0.144283237
   0.148456718
   0.191257248
   0.188444155
   0.395728469
   0.474290184
   0.245070441
   0.278123452
   0.173798866
   0.113517058
    0.11753053
   0.301698789
   0.216227773
   0.156004577
   0.263961888
    0.26057547
   0.181469279
   0.287437827
   0.165406848
   0.381350439
   0.205663332
    0.42710981
   0.236932281
   0.190913588
   0.199570825
    0.24932661
   0.198850811
   0.373240142
   0.969776427
   0.984358215
   0.883985299
    1.13492469
    1.05213909
    1.01532864
   0.537976101
   0.682034775
   0.987004728
    0.65296397
   0.836391065
    1.04624996
   0.938546661
   0.768673252
   0.387217533
   0.273847122
  0.0354817002
   0.105353177
   0.712008296
   0.756404011
    0.86499926
    1.11892481
    1.13608813
   0.558095768
   0.496162547
   0.467798793
   0.284901416
    0.89465098
    1.06057612
   0.988897993
    1.19725341
   0.908313581
   0.491682224
   0.319447424
   0.229509721
   0.215986593
   0.466961603
   0.518997817
   0.607606963
    1.19509184
    1.10492622
    1.11817113
    1.19234887
   0.773543082
   0.644688182
   0.518921161
    0.27764108
   0.999009005
   0.920694003
   0.924354262
   0.903226768
     1.0338994
    1.18151447
    1.05783644
   0.707063123
   0.475530442
   0.329374193
   0.537803088
   0.453417249
   0.582049628
   0.913692043
   0.832921229
   0.864231489
   0.901853399
   0.682940735
   0.309201233
   0.424143206
   0.415865302
   0.588838144
   0.533344021
   0.615989901
   0.458482095
   0.391661805
   0.365461375
   0.302090961
   0.215380075
    0.12596213
0.000971043694
 0.00158616811
  0.0013490216
 0.00137124893
 0.00159451424
 0.00110552254
 0.00159596379
 0.00179121828
 0.00183690844
 0.00229691655
 0.00232224716
 0.00186904624
 0.00147271846
 0.00167520986
 0.00203088687
 0.00106496206
 0.00137705247
 0.00127373734
 0.00101429374
 0.00154545538
 0.00168737184
   0.001744846
 0.00173974511
 0.00229997421
0.000989146731
 0.00186139757
 0.00115008349
 0.00101182464
0.000399976854
0.000420433531
 0.00228723411
 0.00271496207
 0.00289786532
 0.00678840909
0.000597167316
 0.00131134169
 0.00155335379
0.000953388687
  0.0207650036
0.000456439578
  0.0011244473
 0.00146407328
 0.00162851907
 0.00216519448
 0.00204721421
0.000922182062
 0.00125808241
 0.00158444709
0.000616751222
 0.00160483375
 0.00144038488
 0.00125098701
 0.00191699722
 0.00102492997
0.000708928029
0.000883038917
0.000579692319
  0.0235039433
0.000547703892
0.000653234853
0.000479245502
0.000563152187
 0.00129121866
  0.0192408699
 0.00163553446
  0.0017581659
 0.00180310207
  0.0017833073
  0.0372127141
 0.00084252413
  0.0189681512
 0.00245586515
 0.00248796603
 0.00172677212
 0.00040800753
   0.019253752
 0.00182103785
 0.00081461369
 0.00296471822
0.000720109874
  0.0020092601
  0.0011999511
 0.00134105782
 0.00137043838
 0.00121534132
 0.00190783682
  0.0202654283
 0.00285573563
  0.0213453514
  0.0370613573
0.000249379604
 0.00019007656
0.000188750429
4.56456066E-05
   0.620043096
    1.32862208
    1.37276628
    1.66000101
    1.52915411
    1.52255279
    1.69486972
    1.47150158
     1.1799636
    1.03178135
    1.24869825
    1.38489992
      1.590491
    1.57729835
    1.83754133
   0.823708152
    1.18161971
    1.60974104
    1.79380148
    1.66309318
     1.6440762
    1.55449544
    1.51629497
    1.06516676
    1.33671812
     1.5280779
    1.63748804
     1.8708166
    1.74922165
    1.66446948
    1.79783156
    1.61452228
    1.43168154
    1.54399867
    1.50552042
    1.51516714
    1.66649674
    1.77232993
     1.9046581
    1.70097294
    1.81640028
    1.40464456
    1.63054581
    1.85620603
    1.83389026
    1.81194536
    1.68677878
      1.726098
    1.58879675
    1.48560928
     1.2366083
    1.81446874
    1.74991543
    1.51698695
    1.53748197
    1.40337353
    1.60237937
     1.5687963
     1.7535682
    1.79284177
    1.51124626
    1.63793101
    1.68353459
    1.52037074
    1.49576958
    1.60061041
    1.75391007
    1.50684399
    1.64837467
    1.71793988
    1.70592038
    1.36844434
    1.28611019
    1.60357303
    1.58784241
    1.50946456
    1.59861361
    1.18361615
    1.41521885
    1.52412074
    1.58560188
    1.55991655
    1.32567689
    1.43894092
    1.63196054
    1.52371076
    1.53860307
    1.49740391
    1.30058262
    1.15461269
    1.35124327
    1.11374164
    1.27627749
    1.44555549
     1.3303399
   0.963085038
   0.887705053
    0.72936215
    1.20567084
    1.33424271
    1.32100858
    1.10549629
    1.03011732
    1.06725427
    1.34732045
    1.42388561
    1.41832083
    1.44801411
    1.21055099
    1.16852629
    1.16881548
    1.20714111
   0.887204045
   0.765835519
   0.915595477
    1.26249886
     1.2835022
    1.13628969
    1.12166241
    1.05201628
    1.15878257
     1.1820448
    1.13488975
    1.13816494
    1.15512401
     1.1287258
    1.01357867
    1.09237024
   0.435806201
   0.403979378
   0.835124471
    0.99728613
    1.15046954
   0.453642497
   0.533428972
   0.704658117
   0.946863979
   0.916956579
   0.745952388
    0.56156739
   0.610453306
   0.778952305
   0.535610741
   0.191102047
   0.569782773
   0.860015306
   0.854771942
   0.871629298
   0.895054202
    0.45501777
   0.360406337
   0.345991791
  0.0231000941
  0.0926924257
   0.416897398
   0.246569154
  0.0339771702
    0.15747782
    0.22565672
    0.18868558
    0.20374081
   0.389485584
   0.663576946
    0.26686963
   0.184024603
   0.426526336
   0.470822659
   0.390251974
   0.231162412
   0.245279773
  0.0657309824
   0.141959689
   0.242621529
   0.238849558
   0.513333035
   0.441877658
   0.343218024
  0.0936266114
   0.199452269
   0.122284554
  0.0648516433
   0.015196535
  0.0498281525
  0.0474022396
   0.111392699
   0.076076623
  0.0115771236
   0.150239745
  0.0281950844
  0.0421922194
  0.0225929852
   0.128725715
   0.189319268
  0.0921972968
  0.0589409401
  0.0267276541
  0.0313163461
  0.0197330843
  0.0518417103
   0.317247051
   0.200742418
    0.20440612
    0.10292926
   0.282749973
   0.217196063
   0.435003393
   0.274764723
   0.278884879
   0.132538898
   0.164598455
  0.0653549043
   0.120151854
  0.0954145229
  0.0551038098
   0.152179984
   0.201590731
  0.0692398782
  0.0778626889
  0.0166340263
   0.114468825
  0.0254720643
  0.0174902435
 0.00698879036
 0.00724799449
   0.086637737
   0.212991115
  0.0581263207
 0.00869732893
   0.157422669
  0.0499205087
   0.296022143
   0.243089776
   0.125306542
  0.0676511272
  0.0707387308
  0.0279892633
  0.0438888432
   0.158467954
  0.0726952609
   0.118459656
   0.156678018
  0.0450465813
  0.0571718424
   0.275875437
   0.118446107
   0.268785716
  0.0852952528
   0.118345804
  0.0873421847
  0.0970516535
    0.09815089
   0.188085256
   0.124199822
   0.198952832
   0.203423186
   0.428107439
   0.563685287
   0.503245473
   0.618060662
    0.63435824
   0.647283752
   0.695319415
   0.802560869
   0.697064218
   0.583160694
   0.624863265
   0.690313315
   0.760622925
   0.790717958
   0.773523807
   0.930426909
   0.900614177
   0.710441266
   0.359734128
   0.246989548
   0.323246998
   0.335452233
   0.243658973
   0.397450172
   0.870472321
     0.9947005
    1.09336202
   0.968937167
    1.00710387
   0.998090579
    1.06297586
    1.05248842
   0.990281492
    1.01837191
    1.10714523
    1.04157512
    1.10155181
    1.13750308
    1.12078603
    1.13522264
     1.1171042
    1.08739456
    1.16133005
    1.15568271
    1.16673887
   0.943723756
   0.675732973
    0.75403629
    0.80845556
    0.83960939
    1.18367256
    1.14796376
    1.24073692
     1.1080151
   0.944365511
   0.581892113
    1.23564616
    1.42566879
   0.468665161
   0.870514797
    1.11151799
     1.0225051
   0.770727196
   0.350372292
   0.284322471
   0.353182605
   0.574907729
   0.823958002
    1.12112084
    1.35295591
    1.39312148
      1.453649
    1.37485223
    1.17043565
   0.936623449
   0.751482054
   0.827783885
    1.30268591
   0.732963818
    1.11386541
    1.37805002
    1.45705241
    1.48087317
    1.54371106
    1.60576068
    1.66547838
     1.5206423
     1.2904574
    1.32741671
   0.876178444
   0.587202736
   0.972765804
     1.3349769
     1.3462336
    1.60569954
    1.58640339
    1.46319122
    1.52389941
    1.72765376
    1.61087798
    1.67969512
    1.33566387
   0.937684964
   0.603834275
    1.06267414
    1.58278504
    1.70703245
    1.76352552
    1.78294524
    1.73786708
    1.80335551
    1.83553154
    1.75243107
    1.38843082
    1.00449159
   0.668821385
    1.12329763
   0.961572958
    1.45187076
    1.32931426
    1.37490418
    1.64633494
    1.69499499
    1.73527653
    0.55610922
    1.61285594
   0.710965463
    1.61109976
    1.20074928
    1.69458317
    1.85193681
    1.85682942
    1.60284186
    1.52571031
    1.80860822
    1.37238183
    1.71380814
    1.68623519
     1.2262929
    1.27870125
    1.57097603
    1.50921678
    1.59605686
    1.73067392
     1.6326212
     1.5677734
    1.74323246
    1.82687801
    1.85024301
    1.81860011
     1.8366781
    1.81734523
    1.77527338
    1.51950516
    1.79595781
    1.83415676
    1.74418547
    1.87547314
    1.80298583
     1.7996072
    1.46848035
    1.38507144
    1.30872794
    1.44079396
    1.74104964
    1.68932743
    1.84921717
    1.75753361
    1.84476569
    1.77516296
    1.80237868
      1.214783
    1.36407453
    1.67227695
    1.59609238
    1.48804385
    1.47715321
    1.50122263
    1.54310205
    1.48639501
    1.57600947
    1.66169316
    1.60596862
    1.50432642
    1.50812199
    1.28254238
     1.0546733
    1.46781362
    1.38295137
    1.47814417
    1.54136656
    1.57343496
    1.59825561
    1.46575703
    1.44526341
    1.32057982
    1.54174347
    1.57219936
    1.47805196
    1.53672511
    1.59100719
    1.48289268
    1.39272943
    1.31615386
    1.44321259
     1.5602059
      1.522539
    1.57488965
    1.50931099
    1.35908653
    1.30106546
   0.830763022
    1.31206228
    0.68395452
    1.17115509
   0.947443606
   0.786233506
   0.912316539
   0.523489091
   0.542401147
    1.26706954
    1.30681601
    1.00166848
    1.03218164
    1.11170098
    1.24069769
    1.21726542
    1.14503893
    1.16308352
    1.01625621
    1.00097103
   0.457057144
   0.861860862
    1.05957178
    1.11414134
    1.01580568
   0.722644606
   0.861866724
   0.499921832
   0.583939466
   0.332604031
   0.840244632
   0.747175207
   0.976139229
    1.01401047
    1.05156325
   0.894108273
   0.928020833
    0.96283346
   0.672339282
    0.71398736
   0.109260739
   0.125622373
   0.381017945
   0.149513935
    0.21197314
   0.158227961
   0.168442948
   0.640754929
   0.644027833
   0.746449653
   0.580179605
   0.564248083
     0.2314915
   0.699134611
   0.467022006
   0.363741092
   0.319330799
  0.0751139434
   0.126727575
   0.515550605
   0.271374309
   0.195708578
   0.178184823
   0.396474424
   0.402932396
   0.450245054
    0.24805411
   0.295303371
   0.277989361
   0.145727418
   0.251470474
   0.216817591
   0.183348771
   0.216478335
   0.213904744
   0.166238754
  0.0795573784
  0.0600098264
  0.0740697623
  0.0870533118
   0.105522921
   0.111515482
 0.00274913206
   0.110485705
    0.22291829
   0.126242233
  0.0512673711
  0.0421764431
  0.0761619822
   0.174306348
   0.217902093
   0.122755973
  0.0297956646
   0.010850743
  0.0377076811
  0.0416709857
  0.0147143918
 0.00134782436
9.36231592E-06
   0.039751929
 0.00612147716
8.19065972E-05
 0.00582171492
  0.0167762204
  0.0193802508
  0.0232685681
  0.0399884542
  0.0196465185
  0.0459102849
  0.0121638499
  0.0167801298
  0.0865104317
  0.0441799367
  0.0524649467
  0.0522318553
  0.0117200412
 0.00606865809
  0.0647343474
   0.184634301
   0.040826743
  0.0191838548
  0.0114345907
5.35965358E-05
1.62834196E-05
0.000340391966
  0.0138126274
   0.141336278
  0.0789599371
 0.00689458185
  0.0148078924
  0.0322439266
   0.126505786
   0.310952732
   0.195798927
  0.0578422609
  0.0663712759
   0.106320477
    0.26851981
  0.0924786088
  0.0905232857
  0.0229701992
  0.0572550916
    0.15887636
  0.0944967749
    0.22361305
    0.21892129
  0.0698628641
  0.0303380428
  0.0436732657
   0.111881042
  0.0696600754
   0.159472233
  0.0939050037
  0.0999900875
  0.0829032284
  0.0111565067
0.000659394223
 6.2163627E-05
3.00369586E-05
2.42267603E-05
1.75526424E-05
  0.0604599524
    0.13119473
   0.140251673
  0.0871864498
  0.0414238573
  0.0541311172
   0.161851618
   0.182762291
   0.410117967
   0.222330269
   0.288032324
   0.512077405
   0.279484487
    0.20887398
   0.314762714
   0.027649555
  0.0530622593
 0.00412951382
   0.273296792
   0.140772939
 0.00850667155
   0.101416263
  0.0922450696
  0.0353332668
   0.104139629
   0.248994924
   0.201182252
   0.477264031
   0.498811182
   0.313804341
   0.280895846
   0.578296391
   0.627946813
   0.574206763
   0.275086013
   0.502939782
   0.358707136
   0.398867768
   0.519338115
   0.178390024
   0.594196457
   0.266114872
   0.487818464
   0.302366232
    0.24212425
   0.615057485
   0.620210037
   0.494333713
   0.862894336
    1.07263977
   0.834956842
   0.974176147
     0.9150495
    1.02193567
   0.950013798
   0.379653928
   0.426859219
   0.605210104
   0.504538484
   0.645551782
   0.637883385
   0.803962728
   0.439638623
    0.78495203
   0.465132235
   0.910163221
    0.90993656
     1.3173138
    1.31512326
    1.33728771
    1.44255067
    1.20446515
    1.30335687
    1.17023123
    1.25691475
     1.3215186
    1.08727516
   0.751558167
   0.420001154
   0.252097809
   0.545287668
   0.607197153
   0.586856556
   0.494711081
   0.404478663
   0.115900694
   0.460621646
   0.576522112
   0.989095607
    1.22301428
    1.53181705
    1.51576278
     1.5138521
    1.48670493
    1.30017425
    1.43845621
   0.743830043
    1.34918276
    0.92425434
    1.22315121
    1.34286853
     1.4988776
    1.53536482
    1.37238802
    1.53843407
    1.59291032
    1.62619429
    1.54441342
    1.35500446
    1.46615199
    1.51570419
    1.57172138
   0.844961948
   0.558346087
   0.853890012
     0.6919464
    1.09937828
    1.20321141
    1.33304713
     1.3055375
    1.45260322
    1.51846657
    1.64029635
    1.73514418
     1.7517224
    1.57550341
    1.56776635
    1.12605731
    1.39707172
    1.30249439
    1.51065143
    1.72429061
    1.70228056
    1.52139023
    1.40764393
    1.38562094
    1.63523946
    1.70976133
    1.77328676
    1.65898843
    1.63860886
     1.6665992
    1.69301269
     1.8120473
    1.72636202
    1.64965098
    1.53640019
    1.71295853
     1.6070139
    1.73210938
    1.77384823
    1.82661605
    1.76960311
    1.57024507
    1.64993966
    1.73967742
    1.80652324
    1.79213576
     1.8371617
    1.85282253
    1.78100513
    1.81784998
    1.78773649
    1.76238225
    1.74708461
    1.64119374
    1.78503141
    1.71714026
    1.73014533
     1.7480653
    1.73550733
     1.4109522
    1.53968941
    1.63565895
    1.76817218
    1.59217422
    1.61951997
     1.5186365
     1.5366501
    1.53755002
    1.32679887
    1.43952363
    1.51508738
    1.60937411
    1.57857321
    1.56080538
    1.33976345
    1.50007439
    1.57924586
    1.67631798
    1.50779198
    1.49632129
    1.58324009
    1.57579958
    1.33194318
   0.555632752
    1.23449931
    1.34964612
    1.36922498
    1.42799978
    1.17261687
   0.375212431
    1.08759387
    1.25730584
    1.36370011
     1.4453547
    1.39992215
    1.31355544
    1.47408194
    1.16224242
   0.931073717
   0.152583355
    1.00973339
    1.23529927
   0.800309031
    1.09433159
    1.08184121
   0.542816227
   0.877886564
    1.14661529
    1.05185198
    1.07775665
     1.0800268
    1.11211675
   0.932607021
    1.00572425
   0.922969126
    1.15246322
  0.0996898366
   0.609855626
   0.832602547
   0.562821845
     0.7892774
   0.731834924
   0.135420136
   0.259533275
   0.228137311
   0.484634211
   0.565269714
   0.616483429
   0.476999762
   0.398125772
   0.442713899
   0.370320243
   0.505751433
   0.761274914
   0.728684666
   0.517845848
    0.62278247
   0.279306637
   0.435433901
   0.455735418
   0.691886573
   0.750850305
  0.0491821351
 0.00882149673
    0.01283815
   0.277820617
   0.369786623
   0.461140124
   0.475337701
   0.201660096
    0.47623861
    0.14439945
 0.00311978013
  0.0284226704
   0.190839587
  0.0395252045
  0.0166291517
   0.123871304
  0.0957340463
  0.0414029623
  0.0603968653
  0.0669064116
  0.0480032961
 0.00130484178
  0.0841868978
  0.0190896545
 0.00628754229
  0.0526662707
  0.0329142311
  0.0566436092
4.00471837E-05
4.39859693E-05
5.68318439E-05
3.10771928E-05
1.35408976E-05
5.56590351E-06
 2.4695464E-05
  0.0136259803
8.64065584E-05
  0.0205889476
  0.0978697849
  0.0604188685
  0.0982958346
 0.00103114884
  0.0505366026
   0.162563705
   0.167435759
   0.120748061
   0.110926536
5.69184432E-05
4.52652148E-05
5.54298717E-05
 0.00851011531
 1.4180333E-05
  0.0469055455
 0.00930709511
  0.0142866388
1.05418954E-05
5.20402771E-05
3.27305684E-05
4.18882379E-05
  0.0467777451
  0.0293987772
  0.0696238551
  0.0300951181
  0.0313496708
  0.0521048846
  0.0629320239
  0.0197785422
 0.00275945607
 0.00653144189
  0.0403593928
  0.0393741389
  0.0166047703
 0.00292587048
5.87470277E-05
 0.00836471332
  0.0161505592
 0.00361795929
 0.00102096054
4.27557506E-06
0.000774250549
  0.0279999613
  0.0178449775
 0.00794134671
  0.0228256734
 6.1437958E-05
6.80083786E-05
6.05039162E-05
7.38709555E-05
5.13392487E-05
 4.4069168E-05
3.43621998E-05
  0.0115145608
1.43458122E-05
5.64765685E-06
9.01981765E-05
3.95800793E-05
 0.00484229362
  0.0716229877
   0.330313092
    0.38422243
   0.522809168
   0.546500624
   0.437882894
   0.165474797
   0.368597388
   0.377290448
  0.0782746398
 0.00178572964
1.47932785E-05
4.50376464E-06
3.56280286E-06
  0.0307591266
  0.0375100884
  0.0979664148
  0.0312884311
 0.00262221168
   0.259742241
   0.507727441
    0.38521584
   0.407422982
   0.584800793
   0.215733741
   0.159837603
  0.0153777811
  0.0206625572
 0.00540962459
2.58541708E-05
   0.111826759
   0.256875634
     0.5348485
   0.318886398
   0.350883436
   0.709631038
   0.318376691
  0.0486317476
  0.0186876082
  0.0288290166
   0.153121817
   0.103190458
   0.361461768
   0.621732248
   0.736403835
   0.943308929
   0.633866482
   0.509081893
   0.111802208
   0.340869413
   0.354512641
   0.170055892
  0.0899422419
 0.00750002429
    0.33349778
   0.346353003
   0.811787204
    1.23423602
   0.595523202
  0.0457884636
   0.296843983
    1.00152952
    1.11209275
    1.24163547
    1.32223033
     1.4115598
   0.930255507
   0.913072387
   0.999522017
     1.1538179
     1.3698876
    1.27607945
    1.04918022
     1.1514147
     1.3058668
   0.365160314
   0.262019562
   0.413029072
   0.221537648
   0.461970662
   0.452334236
   0.666813234
   0.620663157
    1.21714529
    1.30173163
   0.458729393
   0.302200492
   0.515677627
    1.10614617
    1.00620405
    1.09208139
    1.36976507
    1.17962131
   0.559459304
    1.05112869
    1.49915402
    1.41851211
    1.32899387
    1.46838908
    1.43878059
    1.54397958
     1.3384756
    1.35954289
   0.697668179
    1.23788165
   0.949289085
    1.38585651
     1.4306944
    1.46469585
    1.27480921
    1.50473268
    1.37015768
    1.45128636
   0.623626721
    1.37355384
    1.49772669
   0.989214108
    1.40636011
    1.48874744
     1.4225268
    1.56299687
    1.54660971
    1.36553969
   0.823963956
   0.787332705
    1.34730164
   0.826375752
     1.3642451
    1.51316173
    1.60778578
    1.75172986
    1.54067908
    1.61775227
    1.67584671
    1.55014726
    1.53663471
    1.76639076
    1.72517094
    1.80291389
    1.60962725
    1.58581297
    1.76798431
    1.79691794
    1.62463123
    1.82236337
    1.55041646
     1.5459287
    1.60523086
    1.53004957
    1.79650097
    1.49385453
    1.65867282
    1.68228962
    1.63165409
    1.67536186
    1.55931856
    1.45092068
    1.66282297
    1.66351846
     1.5141229
    1.65022142
    1.62486725
    1.79867771
    1.66369028
    1.62041966
    1.70836167
     1.5837139
    1.77100688
    1.71487019
     1.6318971
    1.65131525
    1.73832156
    1.72221101
    1.73686768
    1.77049296
    1.73211396
    1.73998141
    1.74413027
    1.72053284
    1.30753792
    1.03671866
    1.57080843
    1.59941201
    1.51215744
    1.39564318
    1.47956139
    1.64908134
     1.7044619
    1.63763154
    1.67033147
    1.23359509
    1.65604448
    1.43917183
    1.49207266
    1.67379748
     1.5237401
    1.65109622
    1.55962427
     1.4111965
   0.302306355
   0.796810564
    1.26929634
    1.40668012
    1.40309334
    1.39852985
    1.43653197
    1.53636347
    1.51892751
    1.50409235
    1.29022633
   0.616355372
   0.750799886
   0.807543654
    1.04477607
    1.37447749
     1.4600896
    1.54306632
    1.50708345
    1.55780935
    1.32520654
    1.22468873
    1.27312297
    1.43462778
    1.26349482
    1.40429722
    1.04563021
    1.17407256
    1.22867124
    1.18415068
    1.31462613
    1.31969836
    1.19537205
    1.22475036
   0.972442201
    1.17287103
    1.30378215
     1.0874723
   0.957132711
    1.24644972
    1.14168054
     1.2828239
    1.21994324
    1.27468704
    1.27499614
    1.25156787
    1.20617381
     1.0722595
     1.1449771
     1.1335414
    1.11041779
    1.22581728
    1.20580181
    1.20954324
    1.17478653
    1.09433776
   0.976981327
    1.00840333
     1.0512557
   0.948544154
    1.08632311
   0.859160801
   0.987718406
   0.276656105
   0.231620341
  0.0946937242
   0.112016329
   0.352382802
   0.417086012
   0.265165845
   0.444372064
   0.516484968
   0.118496635
   0.020174179
   0.025040562
  0.0916694835
   0.160247408
   0.270198432
   0.421080723
   0.150172747
  0.0210353482
   0.150487193
   0.281040596
   0.455918144
   0.485801751
  0.0899210082
 0.00678928731
   0.101450905
   0.235438097
   0.214715804
 0.00836129486
    0.11382088
 0.00980748331
  0.0284874823
   0.180501155
  0.0302965684
   0.233445277
  0.0766254207
 0.00104415866
  0.0316387222
  0.0463802374
   0.128772269
  0.0732827767
  0.0206082094
  0.0953569281
  0.0247768505
  0.0651081523
  0.0464573715
   0.154555716
 0.00607350787
   0.004835423
  0.0013934321
 0.00139308424
   0.014912859
 0.00948116209
 0.00654005282
  0.0277253143
 0.00254394443
 0.00591550419
  0.0036354427
   0.080839756
 0.00993750764
  0.0647378569
2.85162705E-06
1.18438376E-05
  0.0192658548
  0.0863063386
   0.137746621
   0.170677642
  0.0949962489
  0.0033009195
  0.0641627009
  0.0664247944
 0.00103432096
  0.0153105278
 0.00905697784
   0.121333953
  0.0193560267
   0.123333271
   0.035879844
  0.0239532175
3.94212764E-06
     0.0102538
0.000158390518
  0.0415934548
   0.460289557
   0.440102749
   0.107070192
   0.093792135
   0.191276557
   0.463553743
   0.382739722
    0.12097726
   0.437065846
  0.0255081829
   0.164660709
   0.481063187
   0.364358031
   0.155093863
   0.141828362
   0.467373057
   0.603129467
    0.53691004
   0.685847851
    0.10452788
   0.401098379
   0.478071106
   0.604185773
   0.395407577
   0.519675778
   0.493888788
   0.558912268
    0.42712713
    0.43422683
   0.709892045
   0.547686105
   0.680003764
   0.506352722
   0.749760452
     0.6794438
   0.696250178
   0.907960769
   0.819041414
   0.773255741
   0.919781801
    1.03516143
    1.02815446
   0.863486535
    1.04830524
   0.935900245
   0.993115741
    1.03854822
    1.10692801
   0.902610003
   0.992403627
   0.523244007
   0.175361528
   0.859395314
   0.953022491
    1.02192677
    1.10373332
    1.15907731
    1.17647188
    1.13299165
    1.11923662
    1.14758663
    1.20069191
    1.05665047
   0.888345419
   0.426155152
   0.874183139
    1.15837092
    1.06697208
   0.477310705
     1.2586827
    1.04332316
    1.15920305
    1.10138067
    1.06223753
    1.22335085
    1.25023494
    1.23423282
    1.19013443
    1.14451056
    1.03234898
   0.923053606
   0.458739466
   0.571051669
    0.24497287
   0.229587078
   0.209319041
    1.33561789
    1.48195753
   0.493499024
   0.300727435
   0.437988583
    0.78349321
   0.653827463
   0.979659958
    1.41867216
    1.06346964
  0.0882362074
   0.473352195
   0.768293625
   0.579018107
   0.938373814
   0.392432681
    1.03401612
   0.259767108
   0.440315421
   0.299257258
   0.357571423
   0.312030253
   0.821964589
   0.930449725
   0.994823165
   0.257551665
   0.463216175
    0.84137762
    0.83663155
   0.782750436
   0.987060415
    1.54883356
    1.45076382
    1.11698903
    1.31934025
    1.44479847
    1.55912616
    1.54656014
    1.55543812
    1.54116375
    1.51934675
   0.926731274
    1.16531414
    1.17382407
    1.48916423
    1.57485662
    1.67175036
    1.61794455
    1.57663636
    1.64583606
    1.57082876
    1.72013953
    1.72118501
     1.7395884
    1.61813298
    1.06411536
    1.42855264
    1.70492575
    1.47808148
    1.44356617
    1.34268552
    1.63997245
    1.48435529
    1.15070773
    1.63811894
     1.4175177
    1.66255303
    1.71161731
    1.57175593
    1.67714296
    1.62707041
    1.24705695
     1.7789528
    1.45545422
    1.62432362
    1.86405986
    1.84567576
    1.88764777
    1.64570604
    1.32902575
    1.26080584
    1.83136399
    1.68126626
    1.55548165
     1.7668413
    1.89138574
     1.7849644
    1.65874639
    1.84438624
    1.66279841
    1.74197656
    1.82650453
     1.7519408
     1.6546115
    1.67682039
    1.84638681
    1.66532435
    1.72042935
     1.8084762
    1.88065651
    1.75231011
    1.44394235
    1.85967942
    1.81464402
     1.7764193
    1.91187462
    1.84816901
    1.63367174
    1.61242442
    1.21570532
   0.985303687
    1.44997279
    1.72678607
     1.7831444
    1.81485382
    1.77970326
    1.78178215
    1.77697054
    1.70058661
    1.38643543
    1.62622036
    1.78149698
    1.62276905
    1.16361396
   0.854128392
     1.7865235
    1.61202318
    1.53079975
    1.46935936
    1.20393274
    1.65767705
    1.53413995
    1.55522824
    1.54471532
    1.45691261
    1.50917926
    1.57785708
    1.41823566
     1.4576495
    1.45844572
    1.61485627
    1.45104861
    1.32607218
    1.42541698
    1.44279079
    1.59209217
    1.44997165
    1.55724375
     1.5082221
    1.47733474
    1.28434087
    1.37058156
    0.43537778
   0.912107205
   0.669588344
    0.91373517
    1.23703123
    1.25534208
   0.817055948
    1.19599942
   0.446649628
   0.440052433
   0.354763893
   0.348418916
   0.247858958
   0.390587789
   0.277556993
    0.33092185
  0.0838372766
  0.0846778659
   0.050578261
  0.0973713207
   0.198589216
  0.0473246071
  0.0641178657
   0.282950724
   0.445365818
   0.414302199
   0.353173756
   0.487738798
   0.460048562
   0.184914244
   0.478486255
   0.234368617
   0.242772934
   0.250535295
   0.121778595
   0.323610323
   0.248404423
  0.0604157808
    0.26352174
   0.189137883
  0.0404767847
  0.0755186137
   0.186494455
   0.277240617
   0.412318267
   0.369958053
   0.249186192
  0.0405228609
   0.103736522
   0.231549481
   0.154762959
  0.0650203075
   0.315076603
  0.0138405505
   0.115239234
  0.0241458922
  0.0714297533
  0.0570547157
  0.0293990819
  0.0685971463
  0.0579218847
  0.0225027449
  0.0324995842
   0.197660787
  0.0315633676
   0.038511798
  0.0601714614
  0.0844247028
   0.115486776
  0.0802477675
  0.0981565274
  0.0966788007
  0.0766977754
   0.201275528
   0.110220113
  0.0671294789
   0.163062577
   0.179826361
  0.0172048961
  0.0391969955
  0.0237538055
  0.0232070357
  0.0255559941
  0.0508559038
  0.0155368934
   0.066787443
  0.0685085237
   0.176337166
  0.0169865781
   0.017018953
  0.0882226654
  0.0898336668
  0.0418108592
  0.0404588113
  0.0968242349
 0.00332044146
  0.0297483291
 0.00881547118
 0.00811352748
  0.0171843257
  0.0106289983
  0.0345390715
  0.0197390347
  0.0513030546
  0.0263420946
   0.016023601
  0.0696203814
   0.149313796
    0.06203822
  0.0212724773
  0.0476953107
  0.0910391724
  0.0904508571
  0.0151125724
  0.0292492048
  0.0108253341
  0.0329621657
  0.0472938998
   0.056742826
   0.135099127
   0.254760938
   0.222710617
   0.158992521
   0.213035686
  0.0215057894
  0.0636033483
  0.0356176455
  0.0111145976
 0.00956763304
  0.0622087515
  0.0147014133
  0.0054022854
  0.0194481297
  0.0103662261
 0.00869996719
  0.0054199934
  0.0133580575
 0.00244778977
 0.00467980871
  0.0292070842
   0.100543712
   0.089074197
  0.0130302216
  0.0700545586
   0.213024715
  0.0956165187
   0.270121307
  0.0462580827
   0.029484905
   0.075123818
   0.252177178
   0.101221738
  0.0235526331
  0.0527679076
  0.0558324473
   0.129211961
   0.010048597
  0.0109279021
  0.0275834371
  0.0845054078
   0.247908128
   0.209301066
   0.266553581
  0.0684193874
    0.12445198
  0.0887293608
   0.271720574
  0.0537537205
  0.0235648201
  0.0342209032
  0.0278672149
  0.0582756041
     0.1103816
 0.00601702882
  0.0172443913
  0.0625576467
   0.161420638
   0.306080657
  0.0138706903
  0.0461078602
  0.0688499649
  0.0587988632
  0.0481598929
  0.0844090986
  0.0436884757
  0.0402870126
  0.0555025343
  0.0307229301
  0.0729000227
   0.213433567
  0.0438453926
  0.0446712491
  0.0555818745
  0.0802235248
   0.139544607
   0.182161446
  0.0784039946
  0.0952335554
  0.0512700864
  0.0320750717
  0.0333314822
   0.102963077
  0.0679234747
  0.0463597635
  0.0814765874
  0.0975113784
  0.0526671489
  0.0952999919
  0.0516037129
   0.140540638
  0.0610501461
   0.150990794
  0.0825490871
  0.0564119225
   0.058479169
  0.0819619493
  0.0590533895
   0.121777269
   0.512883378
   0.564203506
   0.502404197
   0.705998992
   0.606644124
   0.533882521
     0.1823856
   0.273580836
   0.518842274
   0.243935995
   0.360818473
   0.585095156
   0.406511761
   0.396323194
   0.130828095
  0.0826887829
 0.00868516973
  0.0295225436
   0.340117216
   0.334904181
   0.385287064
   0.584103173
   0.692465246
   0.238159459
    0.19946363
   0.181395013
   0.112910995
   0.452958546
   0.507433184
   0.433056853
   0.618153322
    0.39256389
   0.184197356
  0.0998633684
  0.0700604098
    0.06199433
   0.167796033
   0.200561392
   0.278486299
   0.622664013
   0.539383912
   0.544975283
    0.60516875
   0.332936063
   0.237266994
    0.16998983
  0.0834914724
   0.462988515
    0.37758773
   0.398991891
   0.391011078
   0.511277104
   0.669578981
   0.622333394
   0.359180875
   0.242194318
   0.141363247
   0.264824071
   0.233230136
   0.318833348
   0.626389283
   0.526396021
   0.594464122
   0.672883778
   0.475295548
     0.1878269
   0.308671348
   0.322265732
   0.492732158
   0.466327884
   0.617359495
   0.455573305
   0.494790852
   0.452962736
   0.444106197
   0.408373019
   0.413575512
   0.373578793
   0.463755052
   0.376476896
   0.450867627
   0.431348653
   0.271117109
   0.208414884
   0.186892076
   0.193583917
   0.219586429
   0.287490685
   0.310516566
   0.291723774
   0.277641538
   0.504228338
   0.397687286
   0.475814037
   0.415473598
   0.362864463
   0.397042847
    0.36357228
   0.369207178
    0.38232806
   0.375275212
   0.377145929
   0.444589573
   0.418379405
   0.406536344
   0.218566379
   0.232894885
   0.630765786
   0.524546058
    0.22567416
   0.232651659
   0.316008987
   0.577573486
   0.496133644
   0.373898507
   0.304534385
   0.263185623
   0.442469796
   0.427467258
   0.279463617
   0.191795135
   0.191245571
    0.28951576
   0.322102411
   0.269939664
   0.115471756
   0.301054216
   0.165152966
   0.186233101
   0.118434544
  0.0409898938
   0.253261382
   0.230480687
   0.206099603
   0.292070751
   0.233586771
   0.264359178
   0.216509743
   0.239143808
    0.28433114
   0.330961134
    0.21174661
   0.260770291
   0.216624633
   0.205822659
   0.201619656
   0.248651055
   0.228605248
   0.307063758
   0.343304663
   0.285037509
    0.18852638
   0.279670775
   0.270745984
   0.246857255
   0.224239655
   0.212065179
   0.241791707
   0.259603298
   0.230304489
   0.242129319
   0.209279527
   0.252745319
   0.186652275
   0.182279548
   0.138983309
   0.178604041
  0.0271054274
  0.0611979771
  0.0405719782
  0.0229393379
  0.0721555019
   0.179302725
    0.21240917
   0.313868811
   0.333570105
   0.348600593
   0.447714373
   0.421978107
   0.370772118
   0.348352394
   0.476531883
   0.554422804
   0.685999106
     0.7570127
   0.973183819
   0.437688176
   0.676061409
   0.991652222
    1.17524685
    1.15068341
    1.21319632
    1.19816865
    1.23747365
   0.886934183
    1.19593512
    1.42237797
    1.60434383
     1.9374713
    1.87830633
    1.77071548
    1.92267336
    1.72869726
    1.55073099
     1.6462022
     1.6000572
    1.62842495
    1.78886954
    1.89639959
    2.02936526
    1.80948156
    1.93231745
    1.50328744
    1.74278719
    1.97656592
    1.95300783
    1.92734498
    1.78873852
    1.83032935
    1.68281255
    1.57100721
    1.30882132
    1.92705127
    1.85576678
    1.60616209
    1.62665617
    1.49042008
    1.69231379
    1.66130685
    1.86500536
     1.8993576
    1.59864107
    1.74082382
     1.7862028
    1.61080474
    1.58444459
    1.69561755
    1.86116796
    1.59647741
    1.75010071
    1.82371614
    1.80979099
    1.44425462
    1.36538757
    1.70682424
    1.68216749
    1.60614153
    1.68502016
    1.25954542
     1.4965486
    1.61634311
    1.68160313
    1.65228487
    1.40062819
    1.52827404
    1.73358995
    1.61477155
    1.63088541
    1.58892684
    1.37520202
    1.22287578
    1.43015832
    1.18060388
    1.35371746
    1.52886547
     1.4080916
    1.01387385
   0.941156954
   0.776939794
    1.28213052
     1.4087674
    1.40040482
    1.16737446
    1.08035756
    1.13723314
     1.4311375
    1.51304207
    1.50637439
    1.53671495
    1.28025148
    1.24036094
    1.23838214
     1.2788502
   0.928733303
   0.806216845
   0.968520004
    1.34349575
    1.36465156
    1.20809887
    1.19123023
    1.04891783
    1.07667468
    1.02456627
   0.915846291
   0.850843139
   0.798273695
   0.699359717
   0.578847382
   0.564611673
   0.215409434
   0.165112924
   0.315137982
   0.313702479
   0.322978229
   0.107506548
   0.114483349
   0.130776214
   0.142109532
    0.13866481
  0.0588610595
  0.0450548916
   0.049637875
  0.0688890089
  0.0558274879
  0.0144209407
  0.0423350866
  0.0656315541
  0.0815328669
  0.0676779733
  0.0761864739
  0.0420654985
  0.0265180809
   0.025717542
 0.00148523765
 0.00687216975
   0.042571878
  0.0191105355
 0.00207256292
  0.0118074288
  0.0175745537
  0.0139017834
  0.0154348178
  0.0306687096
   0.053507978
  0.0220620767
     0.0139267
  0.0319470046
  0.0382036159
  0.0305596584
  0.0175839368
  0.0190004164
 0.00447643894
  0.0111256293
  0.0184048555
  0.0178815205
  0.0408151813
  0.0339300761
  0.0362337858
 0.00675130447
  0.0146242853
 0.00882169255
 0.00457624341
 0.00104859965
 0.00356630329
 0.00337723692
 0.00806354409
 0.00506192715
0.000722197638
  0.0110143006
 0.00182459358
 0.00296956688
 0.00151107246
 0.00954280508
  0.0138893488
 0.00658012643
 0.00421971314
 0.00174142488
 0.00226119374
 0.00139995044
 0.00390008739
  0.0628107368
  0.0164509139
  0.0150717076
 0.00769063887
  0.0221418731
  0.0172892238
  0.0372410347
  0.0217098758
  0.0227329426
 0.00990476962
    0.01213655
 0.00473284507
 0.00912037777
 0.00708171461
 0.00366949047
  0.0134808327
   0.016999315
 0.00495470714
 0.00567382593
 0.00109666046
 0.00876129514
 0.00180631998
 0.00130580632
0.000510693006
0.000506251839
  0.0063042898
  0.0163915458
 0.00380308607
0.000605712334
  0.0122741923
 0.00355753739
  0.0235060756
  0.0202225003
 0.00911586381
  0.0048425527
 0.00504736481
 0.00168269299
 0.00309900178
  0.0115029767
 0.00517995531
 0.00854877373
  0.0113221998
 0.00308759138
 0.00399994325
  0.0208165927
 0.00862507153
    0.01976821
 0.00619551752
 0.00875389904
 0.00630352754
 0.00699606875
 0.00705106568
  0.0135677072
 0.00884768783
  0.0145410484
  0.0148181375
  0.0315539904
  0.0435041219
  0.0380974655
   0.047912044
  0.0493772021
  0.0505439772
  0.0784439037
  0.0634193268
  0.0585448533
  0.0685983998
  0.0537627108
  0.0542142481
  0.0583199081
  0.0614000544
  0.0608160015
  0.0745194772
    0.06987666
  0.0608945876
  0.0300329912
  0.0183326945
  0.0240219735
   0.025084285
  0.0176002708
   0.029074652
  0.0641285602
  0.0793534605
   0.106021085
  0.0734072594
  0.0825680538
  0.0796117334
    0.10126605
  0.0881255663
  0.0884185193
  0.0780981174
  0.0862553504
  0.0809861844
  0.0856040697
   0.092575708
   0.107718083
   0.111648828
  0.0844354325
   0.082465012
  0.0863141974
  0.0879189213
  0.0910902021
  0.0732448535
  0.0498722173
  0.0557177637
  0.0596729944
  0.0632549177
  0.0916190515
  0.0904855326
   0.100321605
  0.0895370143
   0.078167101
  0.0427774213
   0.093442171
   0.114195507
  0.0477364618
  0.0637474224
  0.0825787058
   0.078553739
  0.0753284951
  0.0260896774
  0.0208147326
  0.0261604199
    0.04360611
  0.0623636657
   0.089318123
   0.107920616
   0.105638233
   0.109566267
   0.109484859
  0.0883895025
   0.071974606
  0.0568314414
  0.0612855508
  0.0968805587
  0.0556883348
  0.0835173075
   0.102890862
   0.110307648
   0.113372858
   0.116118822
   0.121961985
    0.12922777
   0.119321238
   0.097460981
   0.104067858
  0.0668959079
  0.0442513607
  0.0752388095
   0.104564431
  0.0995664655
   0.130923121
   0.120992975
   0.110938978
   0.120284915
   0.140450006
   0.131194106
   0.134558349
   0.110869908
  0.0735124703
  0.0495554493
  0.0824857811
   0.119084973
   0.127467337
   0.131598168
   0.136742029
   0.140638581
   0.174429418
   0.212025213
   0.234433605
   0.238566456
   0.181727904
   0.132724522
   0.256538757
   0.243422739
   0.398792471
   0.415884599
   0.455566657
   0.609406337
   0.688671916
   0.817888538
   0.260675998
   0.848089119
   0.379504495
   0.940631802
   0.738390966
       1.11769
    1.26838717
    1.34573779
    1.23172776
     1.2446196
    1.55054928
    1.23657016
    1.61504694
    1.65815051
    1.26604468
    1.37516432
     1.6757762
    1.60409284
      1.718461
    1.84866203
    1.75375637
    1.68049425
    1.87013714
    1.95907309
    1.98281414
    1.94645623
    1.96100706
    1.94040588
    1.89153493
     1.6227738
    1.91748983
    1.94886894
    1.85880635
    1.99784307
    1.91336018
    1.90816441
    1.56191352
    1.47083135
    1.38412383
    1.53254759
    1.84818076
    1.79007057
     1.9661639
    1.86631391
    1.95828726
    1.88537243
    1.91040722
    1.26866426
    1.45147449
    1.77004223
    1.68655962
    1.57568795
    1.55814019
    1.58976967
    1.63341324
    1.57637602
    1.67428113
    1.76517892
    1.70590929
    1.59672836
     1.5996367
    1.35682885
    1.11737588
    1.55458684
    1.46427331
    1.56632881
    1.63538694
    1.66951488
    1.69578425
    1.55425469
    1.53352167
    1.40336886
    1.63669278
    1.66716845
    1.56283166
    1.63044096
    1.69226683
    1.57372942
    1.48028499
    1.40068492
    1.53241071
    1.65909754
    1.61836517
    1.67646421
    1.60225649
    1.44196172
    1.38173631
   0.882026664
    1.40401022
   0.746607228
    1.26967489
    1.02276785
   0.853189385
   0.984758381
   0.565407254
    0.58307394
    1.35926188
    1.39758774
    1.07043974
    1.09954125
    1.18125625
     1.3203699
    1.29558926
    1.21469167
    1.23703412
    1.07965171
   0.997839893
   0.425789608
   0.754500057
   0.865090664
   0.840397853
   0.696972766
   0.450065209
   0.489238615
   0.260439404
   0.274394624
   0.142801128
    0.32636805
   0.241495173
   0.272562987
   0.240714572
     0.2174962
   0.145068723
   0.120365503
   0.100568483
  0.0515191299
  0.0540271639
 0.00813019034
  0.0093255964
  0.0280035372
  0.0109989424
  0.0159266338
  0.0127405164
  0.0130371173
  0.0567597163
  0.0538866538
   0.060860577
  0.0487008528
  0.0499209231
  0.0175245518
  0.0528760689
  0.0348890781
  0.0265345237
  0.0232695969
 0.00537360447
 0.00914896095
  0.0376004568
  0.0198380674
  0.0143729767
  0.0129828832
  0.0296461191
  0.0302359052
     0.0341275
  0.0182516279
  0.0216865459
  0.0212505386
  0.0108527748
  0.0189239326
  0.0161221002
  0.0134743671
  0.0160047739
  0.0159311238
  0.0131908165
 0.00575983174
 0.00431077057
 0.00532956999
 0.00626788201
  0.0076026953
 0.00800555887
0.000158967248
 0.00796224322
  0.0163245923
 0.00915966115
 0.00368669452
 0.00296618341
 0.00544132116
  0.0131727072
  0.0173555117
 0.00912795874
 0.00193169516
0.000674986061
 0.00275146748
 0.00299979691
 0.00107332794
9.79024888E-05
8.92611236E-06
 0.00278158635
0.000470927092
8.06852376E-05
0.000414114633
 0.00113167223
 0.00127270737
 0.00165611933
  0.0027565549
 0.00137745875
 0.00323957367
 0.00087149527
 0.00113564297
 0.00631103417
 0.00314495999
 0.00373293943
 0.00373788483
0.000816090996
0.000363840235
 0.00471535009
  0.0141452271
 0.00295310151
 0.00145273664
0.000861281801
2.37060507E-05
1.44652165E-05
3.11717951E-05
 0.00094437276
   0.010214964
 0.00569959018
0.000453042042
0.000899458507
 0.00213930819
 0.00915381063
  0.0231231411
  0.0152605003
 0.00438175162
 0.00462316549
 0.00774567552
  0.0197456866
 0.00665273495
 0.00653833203
 0.00163407131
 0.00410152328
   0.011492271
  0.0067911848
  0.0163256735
  0.0168032943
 0.00508993626
 0.00214342515
 0.00313623832
 0.00811527068
  0.0049340457
   0.011522554
 0.00674964472
 0.00722514678
 0.00597161087
0.000852039526
0.000112586616
6.16049531E-05
2.96081469E-05
2.27554631E-05
6.57868225E-06
 0.00431234339
 0.00939421501
  0.0101829862
 0.00625789379
 0.00294318191
 0.00384706143
  0.0116862928
  0.0132630004
  0.0310512392
  0.0160907716
  0.0210807538
   0.038359425
  0.0204829697
  0.0156828995
  0.0233529185
 0.00188735865
 0.00375446487
0.000242537098
  0.0198885296
  0.0100743833
0.000671461361
 0.00732431938
 0.00664565483
 0.00254412061
 0.00747624131
  0.0183198621
  0.0147018336
  0.0353853513
  0.0372020786
  0.0233628024
  0.0207398661
  0.0457231393
  0.0518377901
  0.0438358662
  0.0204298554
  0.0376124642
  0.0262563618
  0.0293561702
  0.0395314789
  0.0128764753
   0.043854929
  0.0192876119
  0.0360964606
  0.0219839803
   0.017453108
  0.0482915868
   0.045816272
  0.0363618461
  0.0660091483
  0.0817368389
  0.0637379279
  0.0723029668
  0.0886866386
  0.0768507522
  0.0721419784
  0.0284664984
   0.031650393
   0.045143336
  0.0432884292
  0.0505253249
  0.0506159691
  0.0654572529
  0.0341108962
  0.0609920161
  0.0365492022
   0.072457963
  0.0739274709
   0.110038761
   0.110122583
   0.105735123
      0.111045
  0.0994949834
   0.104723415
  0.0913542519
  0.0937485541
   0.097674082
   0.082403768
  0.0571996394
  0.0308611159
  0.0185174632
  0.0399247848
  0.0446168141
  0.0444986177
  0.0365494646
  0.0308111402
 0.00815546543
  0.0337648513
  0.0431961923
    0.07573378
  0.0948084827
   0.115563086
   0.114405574
   0.116713159
   0.117062192
   0.103797233
   0.110699959
   0.056457087
   0.105474399
  0.0714791668
  0.0945541307
   0.103979314
   0.120656663
    0.12015144
   0.131924874
   0.174555307
   0.214082159
   0.258778819
   0.273523064
   0.279225973
   0.335098524
   0.386017147
    0.44216927
   0.260001208
    0.18398113
    0.31487261
   0.273755771
    0.47862189
   0.578400641
    0.67785857
   0.708073984
   0.854848948
   0.936989899
    1.07708955
    1.20747173
    1.28817278
    1.21728568
    1.27559175
   0.981763187
    1.25374949
    1.22330859
    1.48244333
    1.77904442
    1.83647496
    1.63829095
    1.51375028
    1.48410391
    1.75118363
    1.83807212
    1.90179442
    1.78184075
    1.76680128
    1.78244165
    1.80753372
    1.94265527
    1.84934222
    1.75960158
    1.64176129
    1.82086967
    1.71109634
    1.84119076
    1.88657935
    1.94056085
    1.88321744
    1.66989336
    1.75232958
    1.84864296
    1.92027749
    1.90595496
    1.95561611
    1.96952149
    1.89391506
    1.93367329
     1.9003463
    1.87469468
      1.859996
    1.74341945
    1.89900651
    1.82604659
    1.84019946
    1.85999594
    1.84679721
    1.49970457
    1.63966601
    1.74345839
    1.88351945
    1.69352722
    1.72428314
    1.61455178
    1.63244333
    1.63700046
    1.41111938
    1.53213885
    1.60885928
    1.71123447
    1.67942575
    1.66348787
    1.42321022
    1.59412251
    1.68092742
    1.78700415
    1.60380423
    1.59109957
    1.68402034
    1.67771199
    1.41926117
   0.583942697
    1.29920827
    1.42694218
    1.45393683
      1.519048
    1.24876782
   0.393897149
    1.15673827
    1.33089457
    1.44892178
    1.53767327
    1.48950109
    1.39553471
    1.56860733
     1.2390833
   0.988557627
   0.151646604
    1.07172032
    1.30852002
   0.846122865
    1.15907029
    1.14772174
    0.57373104
   0.933301455
    1.21946345
    1.11867993
    1.14457904
    1.14184122
    1.10966222
   0.868539985
   0.870654614
   0.739406193
   0.853439861
    0.06558419
   0.375688053
   0.475023756
   0.291017038
   0.368750973
   0.298461851
  0.0464611768
  0.0816552399
  0.0625469491
   0.116427179
   0.114382472
    0.10737923
  0.0626975653
  0.0402080192
  0.0329893664
  0.0275648537
  0.0391946933
  0.0594548853
  0.0588455605
  0.0409142715
  0.0501972579
  0.0205733033
   0.032407887
  0.0355792671
  0.0567792671
  0.0607009403
 0.00355990395
0.000509870153
0.000857019832
  0.0204015372
  0.0295604459
  0.0388469973
  0.0382647871
  0.0164794701
   0.037053882
  0.0104901385
 0.00017744621
 0.00199974239
  0.0138505677
 0.00278567398
 0.00102677798
 0.00898382689
 0.00688496304
 0.00295366703
 0.00527097515
 0.00476144365
  0.0033919372
7.54119185E-05
 0.00601745266
 0.00132840472
 0.00044862666
 0.00389847546
 0.00233902778
  0.0495403981
3.91734558E-05
4.14409221E-05
5.56223703E-05
 2.9282423E-05
 1.2855669E-05
5.03210903E-06
2.41436352E-05
  0.0125818643
7.34405342E-05
 0.00145500411
 0.00709758618
 0.00429318913
 0.00709699347
5.91383551E-05
 0.00361094281
  0.0131811673
  0.0427943885
 0.00898150751
 0.00803091981
5.63832668E-05
4.47328228E-05
5.41631702E-05
 0.00798112366
1.32083706E-05
 0.00335194548
 0.00059060339
 0.00092273063
1.01240935E-05
 4.7483406E-05
3.22567124E-05
4.11674692E-05
   0.038864575
 0.00206059325
 0.00524665895
 0.00212679227
 0.00215997486
  0.0294701883
 0.00455933389
 0.00133559847
0.000159056094
0.000420979589
 0.00284569546
 0.00277698827
 0.00115855566
0.000177256418
4.50266593E-06
0.000487112736
 0.00100366547
0.000214718916
6.57789258E-05
3.39202423E-06
4.76157698E-05
 0.00186831874
 0.00107061055
0.000466610806
 0.00157326064
6.09751194E-05
6.76080564E-05
6.00648197E-05
7.33007441E-05
5.04061765E-05
4.14214969E-05
3.01711222E-05
  0.0113291224
 1.2694772E-05
4.95262218E-06
7.73267336E-05
 3.8467548E-05
0.000362216059
 0.00520377017
  0.0423717155
  0.0301281227
  0.0624756724
  0.0428634087
  0.0328410172
  0.0124206674
  0.0666560712
  0.0278800316
 0.00552858025
0.000122462326
1.42679164E-05
3.79239097E-06
 3.2532536E-06
 0.00218654003
 0.00264019586
 0.00710504445
 0.00218306675
0.000153159174
  0.0188996657
  0.0453265109
  0.0325172796
  0.0329959979
  0.0497692004
  0.0155601752
  0.0115365389
 0.00114028703
 0.00149726793
0.000418415096
2.43336188E-05
 0.00821853132
  0.0190845703
  0.0516644261
  0.0244511777
  0.0257904507
   0.052920498
  0.0232865003
 0.00337223496
 0.00123845972
 0.00197430059
  0.0110165031
 0.00735614583
  0.0294819992
  0.0690729199
  0.0580737351
  0.0725997353
  0.0480576489
  0.0374850517
 0.00804005735
  0.0260502577
   0.026248058
   0.012262277
 0.00635100611
0.000434615433
  0.0246238499
  0.0261585715
  0.0780100468
    0.13084391
  0.0455056797
 0.00321286642
  0.0227827379
  0.0792124082
  0.0878082402
  0.0959691434
    0.10999634
   0.111632414
  0.0847074637
  0.0695433866
  0.0788593543
   0.101977413
   0.119144069
  0.0966807106
  0.0901877292
   0.107110832
    0.10915673
   0.027223244
  0.0196291435
  0.0324439438
  0.0170547269
  0.0354195147
   0.033833502
  0.0505515769
   0.047292459
  0.0983418511
   0.106991488
  0.0400856146
  0.0257542425
  0.0398056454
  0.0873597627
  0.0761482165
  0.0861841596
    0.11192582
  0.0946249867
  0.0414658933
  0.0806477702
   0.121163589
   0.114880618
   0.110415083
   0.118530539
   0.117826284
   0.119004172
  0.0996744068
   0.105861118
  0.0589121328
  0.0973746686
   0.075844154
   0.109845552
   0.129977384
   0.118017825
    0.10147586
   0.119458976
   0.109679621
   0.119144415
  0.0504460434
   0.110822122
   0.121172681
  0.0765632426
   0.133707014
   0.163043496
   0.184870487
   0.243159031
   0.290823123
   0.282625756
   0.187617056
   0.196505638
   0.378922902
   0.259997506
   0.465652508
   0.569201367
   0.653746297
   0.758845839
   0.739678326
   0.813685335
   0.898025315
   0.882315644
   0.931953826
    1.16001264
    1.20687463
    1.32283422
     1.2372944
    1.28762462
    1.51119295
    1.61508693
    1.52999058
    1.80391667
    1.59782004
    1.67140136
    1.72600185
    1.64725784
     1.9398406
    1.60329789
    1.76888222
    1.81027559
    1.75474132
     1.8047243
    1.67233473
    1.54655488
    1.76803457
    1.77407592
     1.6220943
    1.76320293
    1.72802012
    1.91420877
    1.77375257
    1.72514768
        1.8169
    1.68292583
     1.8798695
     1.8205064
    1.73372252
    1.75341512
    1.84696648
    1.82799691
    1.84165598
    1.88265729
    1.83872995
    1.84838036
    1.85337651
    1.82547413
    1.38993556
    1.09811772
    1.65531734
    1.69607669
    1.60618554
    1.48616453
    1.56947612
    1.75140041
    1.81278871
    1.73844697
    1.77291447
    1.30982121
    1.76151222
    1.52689753
    1.57335704
    1.77785468
    1.61620897
    1.75486053
    1.65577754
    1.50179558
   0.320764171
   0.840127084
    1.34086915
    1.49025668
    1.48914473
    1.48838848
    1.52440168
    1.63118175
    1.61022558
    1.59685589
    1.37359745
   0.654000719
   0.788078035
   0.856743272
    1.10569433
    1.45432965
    1.54706942
    1.63525683
    1.59788145
    1.65491859
    1.40851698
    1.30265875
    1.34229418
    1.52054323
    1.34011035
    1.49132685
     1.1083882
    1.24375351
    1.30460224
     1.2596096
    1.39802589
    1.40326875
    1.26817195
    1.30117683
    1.02442902
    1.23845515
    1.38311589
    1.15739107
   0.954820315
    1.16080789
   0.997140154
    1.03861016
   0.911099222
   0.893014026
   0.807008107
    0.73445015
   0.636120158
   0.494058838
   0.473969311
   0.413697088
   0.370225797
   0.370557916
   0.304336263
   0.256153302
   0.204498319
   0.154951236
   0.215502566
    0.14072991
   0.120686925
  0.0778936497
  0.0822434748
  0.0974542172
  0.0805624406
   0.020273226
    0.01689615
 0.00679523648
 0.00810344202
  0.0274117841
  0.0317007774
   0.022289569
  0.0473821034
  0.0390125097
  0.0085336045
 0.00137561802
 0.00170548035
 0.00667337563
   0.011653466
  0.0200151332
  0.0334918171
  0.0133232246
 0.00136874813
  0.0109755807
  0.0207422851
  0.0351373483
  0.0369294504
 0.00650582824
0.000438175611
 0.00745537755
  0.0204588557
  0.0161146451
0.000498144426
 0.00839295801
0.000583221981
 0.00200816441
    0.01323011
  0.0020291205
   0.018568597
  0.0177150722
6.67217267E-05
  0.0023198586
  0.0161041347
   0.034004599
 0.00529390848
 0.00146563232
  0.0392152855
 0.00172914691
  0.0046167976
 0.00324538955
     0.0117798
 0.00177518643
0.000284820701
8.02122155E-05
9.67394202E-05
 0.00100359654
0.000638912619
0.000418529479
 0.00194295375
0.000150875318
 0.00042529518
0.000257394916
  0.0367800043
 0.00065336202
 0.00565631434
2.27672452E-06
 9.3078712E-06
 0.00136837644
 0.00628886294
  0.0415524292
  0.0140283272
   0.006931743
0.000249989117
  0.0051564294
 0.00476231811
6.19305357E-05
 0.00107181593
0.000626523586
 0.00892841707
  0.0013211888
  0.0317369494
 0.00252203346
  0.0232099063
3.11298487E-06
  0.0101173571
1.82532637E-05
  0.0260460249
   0.118620243
   0.157918413
 0.00804823269
  0.0636616977
  0.0146567681
  0.0440996314
  0.0337794017
  0.0090280357
  0.0444026581
  0.0015744546
  0.0122375445
  0.0651173684
  0.0304389643
    0.01255455
  0.0103349325
  0.0355956434
   0.063199528
  0.0472102752
  0.0521731235
 0.00782930603
  0.0295534376
  0.0355937139
  0.0454413687
  0.0290070372
  0.0860761068
  0.0535963736
   0.137976151
  0.0320361099
  0.0701352118
  0.0681714415
  0.0405317026
   0.102444248
  0.0385098087
   0.139842211
   0.107320107
  0.0714317367
   0.122120856
   0.101340507
  0.0600365956
  0.0931326179
   0.106806737
  0.0829072554
  0.0889299716
   0.165697622
  0.0828945549
  0.0780328004
  0.0877090286
   0.167772539
  0.0754812831
  0.0867154378
  0.0418024868
   0.012757516
  0.0832347055
   0.101300402
   0.113451397
   0.160385777
   0.103713159
  0.0889427554
  0.0861985328
  0.0935469626
   0.143090976
   0.157216761
   0.132148168
  0.0714722182
  0.0320541649
  0.0650105688
   0.110428082
  0.0801663351
  0.0355824257
   0.200220302
   0.114180573
   0.102508302
   0.155292476
  0.0858801961
   0.121337212
   0.132335131
   0.136222506
  0.0905894078
   0.130461545
  0.0811224905
   0.130419651
  0.0349628613
  0.0451895786
  0.0434396324
  0.0169078137
  0.0158406682
   0.173561644
   0.209171195
  0.0361043689
  0.0221790486
  0.0536940813
  0.0579091194
   0.048067582
  0.0723462323
   0.152625737
  0.0795907133
 0.00626375284
  0.0348024865
  0.0569992119
  0.0429934723
  0.0706985388
  0.0286660591
  0.0782419042
  0.0190483775
  0.0333541391
   0.144495458
   0.183430689
  0.0353671264
   0.064212102
   0.122181445
  0.0928710616
  0.0190651328
  0.0600380754
  0.0637398416
  0.0652925665
   0.108341396
  0.0763837818
   0.122859792
   0.122941703
  0.0956721831
   0.113186539
   0.117624549
   0.126881214
   0.122759121
    0.12299763
   0.116425066
   0.141924002
  0.0697971672
   0.110703495
  0.0876191911
   0.169951864
   0.159554478
   0.174950922
   0.215748114
   0.122865078
   0.172310145
   0.216084325
    0.18620192
   0.180205596
   0.222607625
   0.225252272
   0.168427121
   0.254998079
   0.354052895
   0.371144251
   0.364932897
   0.371004814
   0.513796081
   0.523819769
   0.417258971
   0.642080017
    0.60761762
   0.813798904
   0.865750148
   0.860274927
    0.97571734
    1.03575058
   0.847284922
    1.23489719
    1.07423165
    1.24682553
    1.52539917
    1.58314145
    1.69876334
    1.54850077
    1.30926876
    1.30690496
     1.9876703
    1.81964952
    1.68324402
     1.9003669
     2.0309765
    1.91451848
    1.78447817
    1.98740329
    1.77917121
    1.86734444
    1.94232465
    1.86657647
    1.75534796
    1.78454436
    1.96549179
    1.77961057
    1.83429221
    1.92317643
    2.00280951
    1.85969169
    1.52770046
    1.97623549
    1.92516312
    1.88773535
    2.03305138
     1.9649308
     1.7333435
    1.71095086
    1.29199256
    1.03454761
    1.52165868
    1.82126896
    1.88802584
    1.92337262
    1.88823954
    1.88623753
    1.88494052
    1.80903631
    1.47447179
    1.71665814
    1.88794466
    1.71975971
    1.22724659
   0.906650198
    1.90163936
    1.70959837
     1.6202923
    1.55645637
    1.27579218
    1.75296832
    1.62436638
    1.64871329
    1.63880108
    1.54374094
    1.59871144
    1.67163477
    1.50251792
    1.54854929
    1.54723636
    1.70987468
    1.54216154
    1.40344278
    1.51624165
    1.53147015
    1.69533689
    1.54337853
    1.65846353
    1.60531677
    1.57147456
    1.36294794
    1.45360931
   0.417555599
   0.961458901
   0.690450834
   0.956994644
     1.3058498
    1.32241778
    0.86634529
    1.27246353
   0.429375097
   0.420550047
   0.333206244
   0.324722005
   0.223440587
   0.360393435
   0.256058001
   0.307042706
  0.0747675089
  0.0755679484
  0.0450122973
  0.0871635487
   0.178370985
  0.0369457866
  0.0463319758
   0.213543769
   0.343164201
   0.313732147
   0.237114813
   0.288652059
   0.272642201
  0.0761219411
   0.213135931
  0.0903536765
  0.0908895871
  0.0954020911
  0.0247410014
  0.0900644927
   0.068252933
 0.00658297111
  0.0508146179
  0.0134115924
 0.00252415465
  0.0105447232
  0.0170480126
  0.0258415421
  0.0636022431
  0.0439990982
  0.0382327047
 0.00283529141
 0.00710126901
  0.0767636431
  0.0205667668
 0.00395733276
  0.0737208347
0.000843627732
 0.00781930028
 0.00144245089
 0.00452186619
 0.00621501908
 0.00186365592
 0.00437915565
 0.00353258928
 0.00135309959
 0.00211437994
  0.0335118152
 0.00192668047
 0.00230094592
 0.00368454787
 0.00552797631
 0.00811609565
 0.00539327148
 0.00661699739
 0.00917319772
 0.00511681271
  0.0387309411
  0.0527642302
 0.00441245623
  0.0139858916
  0.0301434647
 0.00103883927
 0.00259513188
 0.00139989804
 0.00137956627
 0.00150649731
  0.0219847012
0.000948308025
  0.0432507767
  0.0190276264
   0.116656962
0.000992664522
0.000997810229
   0.022721173
   0.026301563
 0.00258091329
 0.00255346348
  0.0309215445
0.000192349576
 0.00189992906
0.000520987763
0.000476119865
 0.00101784001
 0.00063644443
 0.00215802187
  0.0012654741
  0.0046276909
 0.00157509781
0.000961724227
 0.00904282744
  0.0276477179
 0.00395801554
 0.00126029335
 0.00324029862
  0.0207003731
 0.00830351866
0.000890428326
 0.00181893209
0.000643284153
 0.00197254116
 0.00305215992
 0.00386844211
  0.0198752085
  0.0586967034
  0.0676302148
  0.0348033411
  0.0587787856
 0.00132733807
 0.00421174764
 0.00242449724
0.000650933534
0.000551705906
  0.0209704394
0.000849760024
0.000315426391
 0.00116280949
0.000611068151
 0.00051409109
 0.00031485672
0.000772848686
0.000138048529
0.000268911386
 0.00172410413
  0.0146297429
 0.00574837533
0.000780675373
 0.00445988995
  0.0178306276
  0.0063279151
   0.030565247
 0.00279316288
 0.00171816971
 0.00477156006
  0.0234053897
 0.00717968367
 0.00135526706
  0.0031989316
 0.00336678936
 0.00943255068
0.000585998782
0.000621112948
 0.00160922481
 0.00525388457
  0.0201584964
  0.0413029731
  0.0611910562
 0.00786221012
 0.00868597375
 0.00618244395
   0.149590708
 0.00332213617
 0.00144358931
 0.00204314523
 0.00162307351
 0.00352939068
 0.00715934831
 0.00034486146
 0.00100361106
 0.00378675866
  0.0194964952
  0.0577281882
0.000812667096
 0.00288905277
 0.00426774983
 0.00359393262
 0.00330055205
 0.00525880955
 0.00260519204
 0.00236873443
  0.0033479103
 0.00177989528
 0.00440317026
  0.0312793468
 0.00267478512
 0.00271645093
 0.00329500439
 0.00733200546
 0.00889021888
  0.0120866249
 0.00482658651
 0.00604590517
 0.00307830159
 0.00192082452
 0.00200191414
 0.00652290583
 0.00418373852
 0.00280531717
 0.00494585489
 0.00649037689
 0.00313557172
   0.005951888
 0.00319815236
 0.00921933832
 0.00365570162
 0.00966039686
 0.00539261415
 0.00338877451
 0.00350072889
 0.00514418236
 0.00355569148
 0.00753432052
  0.0587626369
   0.119095907
   0.131838026
  0.0947865448
   0.140259614
   0.043709105
  0.0114077001
  0.0185780718
  0.0421128385
  0.0159525452
  0.0256636538
  0.0712742777
   0.028832294
  0.0320927926
 0.00820642172
 0.00496824282
0.000504262318
 0.00176867164
  0.0259795781
   0.024216633
  0.0278673279
  0.0472580531
  0.0716679423
   0.017223511
  0.0138648547
  0.0122631843
 0.00807921635
   0.036681071
  0.0381512519
  0.0342361265
  0.0496581736
  0.0293047712
  0.0121465187
  0.0060958926
 0.00426045468
 0.00367722505
  0.0108455325
  0.0134226916
  0.0208397099
   0.050112221
  0.0417972815
  0.0419994965
  0.0480793659
  0.0240811198
  0.0154423144
  0.0105063817
 0.00503146548
  0.0341414096
   0.031720516
  0.0403726453
  0.0468641489
  0.0744297671
   0.120905244
   0.132088037
  0.0753602819
  0.0559603722
  0.0324369691
   0.069600199
  0.0678909468
   0.102441371
   0.264915675
   0.205609777
   0.259297452
   0.323525386
   0.227786825
   0.086822309
    0.16301976
   0.181277114
   0.290195576
   0.286973036
   0.420155998
   0.305427416
   0.359726911
   0.329444041
   0.336651324
   0.322650751
   0.345428592
   0.317927363
   0.398376223
   0.325791344
   0.390952537
   0.373843998
   0.233264416
    0.18111239
   0.162722121
   0.168873209
   0.192601895
   0.258645758
   0.276996875
   0.256727381
   0.245068826
   0.454959128
    0.35566296
   0.431249638
   0.374192891
   0.325406576
   0.358696222
   0.332790716
    0.33702912
   0.348215192
   0.343380772
   0.341860853
   0.409286343
   0.380749995
    0.37037561
   0.196610854
   0.209789799
   0.583185919
   0.482291523
   0.214240837
   0.213150919
   0.284402768
    0.53159029
   0.453346686
   0.340999822
   0.278928896
   0.236404529
   0.402630157
   0.388265556
   0.252890182
   0.175819001
   0.176701941
   0.260550776
   0.291346578
   0.248271556
   0.106914905
   0.273190301
     0.1486328
    0.16813885
   0.106182351
  0.0371290286
   0.254010088
   0.208365296
   0.185125693
    0.26624904
   0.210733008
   0.239437466
   0.194979617
   0.216466094
   0.258563387
   0.310532865
   0.190849138
   0.236386876
   0.195329499
   0.187040263
    0.18818844
   0.226284476
   0.210653683
   0.281846434
    0.31609489
   0.260542392
   0.169843544
   0.255767443
   0.246284379
   0.224669835
   0.203386859
   0.191805478
   0.219618216
   0.236524745
   0.209038174
   0.220111351
   0.189486419
   0.230783257
   0.169838487
   0.164678606
   0.126820065
   0.164263951
  0.0241108847
  0.0516594504
  0.0316856054
  0.0169552296
