#
    2.92116411
  0.0448882481
             0
             0
             0
             0
             0
  0.0448882481
  0.0448882481
    2.15415721
  0.0448882481
             0
  0.0448882481
             0
             0
             0
    7.71495722
             0
             0
  0.0448882481
             0
             0
             0
    23.4385986
  0.0448882481
             0
             0
             0
             0
             0
             0
             0
             0
             0
             0
             0
             0
             0
             0
             0
             0
             0
             0
             0
             0
             0
             0
             0
             0
             0
    10.0159779
             0
             0
             0
             0
             0
             0
             0
             0
             0
             0
             0
             0
             0
             0
             0
             0
             0
             0
             0
             0
             0
             0
   0.236639972
             0
             0
             0
             0
             0
             0
             0
             0
             0
             0
             0
             0
             0
             0
             0
             0
    4.64692963
             0
             0
             0
             0
             0
   0.236639972
    7.90670894
             0
             0
             0
             0
             0
  0.0448882481
             0
             0
             0
             0
             0
             0
             0
             0
   0.811895145
    3.68817101
    2.34590894
  0.0448882481
             0
             0
             0
             0
             0
             0
             0
             0
             0
             0
             0
             0
             0
      11.35824
    1.19539859
  0.0448882481
             0
    1.19539859
    4.07167446
  0.0448882481
             0
  0.0448882481
             0
  0.0448882481
   0.428391697
             0
             0
     5.2221848
    6.94795032
             0
             0
             0
  0.0448882481
    1.77065377
             0
             0
    2.15415721
    8.48196412
             0
             0
    5.03043308
    7.13970205
             0
  0.0448882481
    3.30466756
             0
             0
  0.0448882481
   0.236639972
             0
  0.0448882481
             0
  0.0448882481
             0
             0
  0.0448882481
  0.0448882481
             0
  0.0448882481
             0
  0.0448882481
             0
  0.0448882481
             0
             0
    7.52320549
    2.15415721
   0.428391697
   0.236639972
  0.0448882481
    4.83868135
   0.620143421
    1.00364687
    2.15415721
    10.3994814
             0
  0.0448882481
             0
   0.620143421
  0.0448882481
    12.1252469
  0.0448882481
    1.38715032
             0
  0.0448882481
             0
             0
  0.0448882481
             0
  0.0448882481
             0
             0
  0.0448882481
             0
             0
             0
   0.811895145
  0.0448882481
    1.57890204
    1.96240549
    1.96240549
    3.11291584
             0
             0
             0
             0
             0
             0
  0.0448882481
             0
             0
  0.0448882481
             0
    2.53766066
             0
             0
   0.811895145
    11.5499917
   0.811895145
   0.428391697
    5.60568825
    3.49641928
   0.236639972
    10.7829848
    2.15415721
   0.236639972
    8.48196412
    5.41393653
             0
   0.236639972
    5.79743998
   0.620143421
    1.77065377
    4.45517791
    2.15415721
  0.0448882481
             0
   0.236639972
    6.18094342
             0
  0.0448882481
             0
  0.0448882481
             0
  0.0448882481
             0
             0
             0
             0
  0.0448882481
             0
             0
  0.0448882481
             0
             0
  0.0448882481
             0
             0
   0.811895145
    5.60568825
             0
    2.53766066
    1.38715032
             0
             0
             0
  0.0448882481
             0
             0
             0
             0
             0
  0.0448882481
             0
             0
             0
             0
             0
             0
             0
             0
             0
             0
             0
             0
             0
             0
             0
             0
             0
             0
             0
             0
             0
  0.0448882481
             0
             0
    2.92116411
    4.07167446
  0.0448882481
             0
  0.0448882481
    4.45517791
    3.87992273
    3.87992273
   0.428391697
   0.620143421
             0
             0
             0
             0
             0
             0
   0.811895145
    1.00364687
             0
  0.0448882481
             0
    3.11291584
             0
             0
             0
             0
             0
             0
             0
             0
  0.0448882481
             0
     5.9891917
             0
  0.0448882481
             0
             0
             0
             0
             0
             0
             0
             0
             0
    1.19539859
    6.37269515
  0.0448882481
             0
             0
             0
             0
             0
             0
             0
             0
             0
             0
   0.236639972
    1.77065377
   0.811895145
    5.03043308
    2.53766066
  0.0448882481
             0
             0
             0
    1.38715032
             0
  0.0448882481
             0
   0.428391697
             0
             0
             0
             0
             0
             0
             0
             0
             0
             0
             0
             0
             0
             0
             0
             0
             0
             0
             0
             0
             0
             0
             0
             0
             0
             0
             0
             0
             0
             0
             0
             0
             0
    4.83868135
   0.620143421
             0
             0
             0
             0
             0
             0
             0
             0
    2.92116411
             0
             0
             0
             0
             0
             0
             0
             0
             0
             0
             0
             0
             0
    6.56444687
             0
             0
             0
             0
             0
             0
             0
             0
             0
             0
             0
             0
             0
             0
             0
             0
             0
             0
             0
             0
             0
             0
             0
             0
             0
             0
             0
             0
             0
             0
             0
             0
             0
             0
             0
             0
             0
             0
             0
             0
             0
             0
             0
  0.0448882481
    1.38715032
    10.1502041
    15.4617269
    9.21062067
    20.0637683
             0
  0.0448882481
             0
  0.0448882481
             0
  0.0448882481
             0
             0
  0.0448882481
             0
  0.0448882481
             0
             0
  0.0448882481
             0
             0
  0.0448882481
             0
  0.0448882481
             0
    4.88661929
             0
  0.0448882481
             0
  0.0448882481
             0
  0.0448882481
             0
             0
  0.0448882481
             0
             0
  0.0448882481
             0
  0.0448882481
             0
             0
             0
  0.0448882481
             0
             0
             0
  0.0448882481
             0
             0
             0
    17.7052221
    13.1511186
   0.437979283
    3.90868549
             0
  0.0448882481
             0
  0.0448882481
             0
             0
  0.0448882481
             0
  0.0448882481
             0
             0
   0.236639972
   0.236639972
  0.0448882481
             0
  0.0448882481
             0
             0
  0.0544758343
             0
  0.0448882481
             0
             0
             0
             0
    2.17333239
   0.437979283
    2.17333239
             0
  0.0448882481
             0
             0
    8.67371584
  0.0544758343
             0
  0.0448882481
             0
  0.0448882481
             0
   0.437979283
    1.82817928
    16.9094524
             0
             0
             0
             0
  0.0448882481
    1.01323446
   0.246227559
    7.27392825
             0
     2.6527117
   0.620143421
    5.12630894
    1.83776687
             0
  0.0448882481
  0.0448882481
             0
  0.0448882481
  0.0448882481
  0.0448882481
  0.0448882481
             0
  0.0448882481
  0.0448882481
             0
  0.0448882481
             0
  0.0448882481
   0.437979283
    2.59518618
    9.21062067
   0.255815145
             0
             0
  0.0448882481
             0
  0.0448882481
             0
  0.0448882481
             0
  0.0448882481
             0
             0
             0
   0.629731007
    4.70445515
    15.9123434
             0
             0
  0.0448882481
             0
    1.57890204
  0.0448882481
             0
    7.04382618
             0
  0.0448882481
  0.0448882481
             0
  0.0448882481
             0
             0
             0
             0
             0
   0.840657904
     1.2625117
             0
             0
  0.0448882481
             0
             0
             0
     3.4868317
   0.840657904
  0.0448882481
             0
             0
    2.70064963
             0
             0
  0.0448882481
   0.879008249
  0.0544758343
  0.0544758343
             0
    3.09374066
             0
             0
             0
             0
  0.0448882481
             0
             0
    13.8030745
    8.18474894
    10.4857696
    15.6151283
    5.14548411
   0.255815145
   0.457154455
  0.0448882481
             0
    5.42352411
    7.23557791
    9.93927722
    14.6563696
    4.07167446
  0.0544758343
   0.831070318
   0.428391697
             0
             0
  0.0448882481
             0
             0
    1.06117239
  0.0448882481
             0
             0
             0
             0
  0.0448882481
             0
    2.41302204
    4.93455722
    3.01703997
    7.84918343
             0
             0
    3.80322204
    2.20209515
    9.33525929
    2.56642342
             0
    2.42260963
    1.42550066
  0.0448882481
   0.246227559
    3.37178066
    3.79363446
    5.17424687
     7.6574317
    12.9497793
     3.7648717
  0.0448882481
    6.71784825
   0.246227559
    30.5142372
  0.0448882481
             0
             0
             0
             0
             0
  0.0448882481
  0.0544758343
    2.22127032
  0.0448882481
             0
  0.0448882481
             0
             0
             0
    7.88753377
             0
             0
  0.0448882481
             0
             0
             0
    24.3685945
  0.0448882481
             0
             0
             0
             0
             0
             0
             0
             0
             0
             0
             0
             0
             0
             0
             0
             0
             0
             0
             0
             0
             0
             0
             0
             0
             0
    10.5720579
             0
             0
             0
             0
             0
             0
             0
             0
             0
             0
             0
             0
             0
             0
             0
             0
             0
             0
             0
             0
             0
             0
   0.246227559
             0
             0
             0
             0
             0
             0
             0
             0
             0
             0
             0
             0
             0
             0
             0
             0
    4.73321791
             0
             0
             0
             0
             0
   0.246227559
    8.17516136
             0
             0
             0
             0
             0
  0.0448882481
             0
             0
             0
             0
             0
             0
             0
             0
   0.831070318
    3.75528411
    2.39384687
  0.0448882481
             0
             0
             0
             0
             0
             0
             0
             0
             0
             0
             0
             0
             0
    11.7129807
    1.20498618
  0.0448882481
             0
    1.22416135
    4.17713791
  0.0448882481
             0
  0.0448882481
             0
  0.0448882481
   0.428391697
             0
             0
    5.35641101
    7.20681515
             0
             0
             0
  0.0448882481
     1.8185917
             0
             0
     2.2308579
    8.59701515
             0
             0
    5.13589653
    7.23557791
             0
  0.0448882481
    3.35260549
             0
             0
  0.0448882481
   0.236639972
             0
  0.0448882481
             0
  0.0544758343
             0
             0
  0.0448882481
  0.0448882481
             0
  0.0448882481
             0
  0.0448882481
             0
  0.0544758343
             0
             0
    7.84918343
     2.2308579
   0.437979283
   0.236639972
  0.0448882481
    5.05919584
   0.629731007
    1.06117239
    2.19250756
    10.6008207
             0
  0.0544758343
             0
   0.629731007
  0.0448882481
    12.7963779
  0.0544758343
    1.41591308
             0
  0.0448882481
             0
             0
  0.0448882481
             0
  0.0448882481
             0
             0
  0.0448882481
             0
             0
             0
   0.821482731
  0.0448882481
    1.59807721
    1.97199308
    1.98158066
    3.14167859
             0
             0
             0
             0
             0
             0
  0.0544758343
             0
             0
  0.0544758343
             0
    2.55683584
             0
             0
    0.85024549
     12.144422
   0.859833076
   0.457154455
    5.85496549
     3.7648717
   0.274990317
    11.4445283
    2.26920825
   0.255815145
     8.7024786
    5.58651308
             0
   0.255815145
    5.94125377
   0.629731007
    1.84735446
    4.67569239
    2.22127032
  0.0544758343
             0
   0.255815145
    6.48774618
             0
  0.0448882481
             0
  0.0544758343
             0
  0.0448882481
             0
             0
             0
             0
  0.0448882481
             0
             0
  0.0544758343
             0
             0
  0.0448882481
             0
             0
   0.821482731
    5.63445101
             0
    2.71023722
    1.45426342
             0
             0
             0
  0.0448882481
             0
             0
             0
             0
             0
  0.0448882481
             0
             0
             0
             0
             0
             0
             0
             0
             0
             0
             0
             0
             0
             0
             0
             0
             0
             0
             0
             0
             0
  0.0448882481
             0
             0
    3.00745239
    4.26342618
  0.0544758343
             0
  0.0544758343
    4.58940411
    4.00456135
     4.0429117
   0.437979283
    0.64890618
             0
             0
             0
             0
             0
             0
    0.85024549
    1.04199721
             0
  0.0544758343
             0
    3.24714204
             0
             0
             0
             0
             0
             0
             0
             0
  0.0448882481
             0
    6.18094342
             0
  0.0544758343
             0
             0
             0
             0
             0
             0
             0
             0
             0
    1.23374894
    6.53568411
  0.0544758343
             0
             0
             0
             0
             0
             0
             0
             0
             0
             0
   0.236639972
     1.8185917
   0.821482731
    5.21259722
    2.56642342
  0.0544758343
             0
             0
             0
    1.40632549
             0
  0.0448882481
             0
   0.457154455
             0
             0
             0
             0
             0
             0
             0
             0
             0
             0
             0
             0
             0
             0
             0
             0
             0
             0
             0
             0
             0
             0
             0
             0
             0
             0
             0
             0
             0
             0
             0
             0
             0
    5.09754618
   0.639318593
             0
             0
             0
             0
             0
             0
             0
             0
    2.97868963
             0
             0
             0
             0
             0
             0
             0
             0
             0
             0
             0
             0
             0
    6.80413653
             0
             0
             0
             0
             0
             0
             0
             0
             0
             0
             0
             0
             0
             0
             0
             0
             0
             0
             0
             0
             0
             0
             0
             0
             0
    2.21168273
             0
             0
             0
             0
             0
             0
  0.0544758343
             0
             0
             0
             0
             0
             0
             0
             0
             0
             0
             0
             0
    4.11961239
             0
             0
             0
             0
    1.29127446
    7.13970205
    27.8584759
    13.6496731
             0
    0.14076411
             0
             0
             0
             0
             0
             0
             0
             0
             0
    12.9977172
    4.91538204
    4.48394066
             0
             0
    1.59807721
    0.14076411
             0
    0.14076411
             0
             0
             0
    6.70826067
             0
             0
             0
   0.150351696
   0.150351696
   0.476329628
             0
             0
             0
             0
             0
             0
    4.60857929
    10.7158717
    6.10424273
    18.8557324
    0.14076411
             0
    0.14076411
    2.24044549
   0.150351696
             0
    0.14076411
    1.62683997
    1.32003721
   0.744782042
   0.735194455
    21.3485048
   0.150351696
             0
    6.97671308
             0
             0
             0
    6.70826067
    1.63642756
             0
             0
             0
    1.01323446
             0
             0
             0
             0
    2.77735032
     1.3967379
   0.150351696
             0
             0
    5.41393653
    9.40237239
    24.7520979
    4.02373653
    9.87216412
    1.04199721
    4.60857929
    1.66519032
    14.7905958
    8.81752963
    13.6880234
    3.44848135
             0
    7.01506343
    6.90959998
   0.150351696
   0.437979283
             0
             0
             0
             0
    1.58848963
     16.478011
     11.473291
    1.40632549
   0.735194455
    4.00456135
    9.17227032
   0.716019283
   0.744782042
   0.150351696
             0
             0
    2.47054756
   0.437979283
             0
             0
             0
             0
             0
   0.437979283
             0
             0
   0.428391697
             0
     4.8770317
   0.763957214
             0
   0.437979283
     5.4331117
    1.97199308
    1.91446756
             0
             0
             0
             0
    1.93364273
    1.87611721
    10.0351531
             0
    0.14076411
    1.04199721
    1.93364273
    11.5787545
    24.8863241
    2.27879584
    16.5930621
   0.150351696
    10.5049448
    3.10332825
   0.447566869
    2.49931032
    4.23466342
             0
    18.3380027
    4.31136411
    3.98538618
             0
             0
             0
             0
             0
    2.52807308
    1.91446756
             0
             0
             0
             0
    5.51939998
    5.90290342
    0.14076411
             0
             0
    7.88753377
       11.0802
    2.57601101
             0
             0
     3.5539448
             0
    2.89240135
             0
             0
   0.466742041
             0
             0
             0
             0
             0
             0
             0
             0
             0
             0
    5.14548411
    6.11383032
    6.09465515
   0.725606869
    0.14076411
             0
             0
    2.77735032
    10.1214414
             0
             0
             0
             0
             0
             0
             0
             0
             0
             0
             0
             0
             0
             0
   0.457154455
    3.41013101
    9.28732136
             0
             0
    8.32856274
    1.61725239
    1.96240549
             0
             0
             0
             0
             0
             0
             0
             0
             0
             0
   0.447566869
             0
             0
             0
             0
             0
             0
             0
             0
             0
             0
             0
             0
             0
             0
    11.0514372
    3.15126618
    4.26342618
    2.51848549
             0
             0
             0
             0
             0
             0
             0
             0
             0
             0
             0
    0.14076411
     5.4331117
             0
             0
    0.14076411
             0
             0
             0
             0
             0
             0
             0
             0
             0
             0
             0
             0
             0
             0
             0
             0
             0
             0
             0
             0
             0
             0
             0
             0
             0
             0
             0
             0
             0
             0
             0
             0
             0
             0
             0
             0
             0
             0
             0
             0
             0
             0
             0
             0
             0
             0
             0
             0
             0
             0
             0
             0
             0
             0
             0
             0
             0
             0
             0
             0
             0
             0
             0
             0
    12.6142138
             0
             0
             0
             0
   0.447566869
    1.04199721
   0.150351696
             0
             0
             0
             0
             0
             0
             0
    1.03240963
    36.3339021
             0
             0
    1.33921239
   0.437979283
             0
             0
             0
             0
             0
             0
             0
             0
             0
             0
             0
    8.69289101
             0
             0
             0
             0
    2.52807308
    10.1406165
    0.14076411
             0
             0
             0
             0
             0
             0
             0
             0
             0
             0
             0
             0
             0
             0
             0
             0
             0
             0
    19.2488234
    8.52031446
    2.55683584
             0
             0
             0
             0
    0.14076411
             0
             0
             0
    1.52743461
             0
             0
             0
             0
             0
             0
             0
             0
   0.886542388
             0
             0
             0
             0
             0
             0
    5.53301099
             0
             0
             0
             0
             0
             0
    18.6713015
             0
             0
             0
             0
             0
             0
             0
             0
             0
             0
             0
             0
             0
             0
             0
             0
             0
             0
             0
             0
             0
             0
             0
             0
             0
             0
    7.45568765
             0
             0
             0
             0
             0
             0
             0
             0
             0
             0
             0
             0
             0
             0
             0
             0
             0
             0
             0
             0
             0
             0
             0
             0
             0
             0
             0
             0
             0
             0
             0
             0
             0
             0
             0
             0
             0
             0
             0
    2.96944211
             0
             0
             0
             0
             0
             0
    5.69323405
             0
             0
             0
             0
             0
             0
             0
             0
             0
             0
             0
             0
             0
             0
             0
    2.16832683
    1.04676544
             0
             0
             0
             0
             0
             0
             0
             0
             0
             0
             0
             0
             0
             0
    8.57724904
  0.0854271112
             0
             0
  0.0854271112
    2.48877294
             0
             0
             0
             0
             0
             0
             0
             0
    3.45011127
    4.89211877
             0
             0
             0
             0
   0.566096277
             0
             0
   0.886542388
    6.17390321
             0
             0
    3.28988822
    5.05234182
             0
             0
    1.84788072
             0
             0
             0
             0
             0
             0
             0
             0
             0
             0
             0
             0
             0
             0
             0
             0
             0
             0
             0
             0
    5.37278794
   0.886542388
             0
             0
             0
    3.12966516
             0
             0
   0.886542388
    7.77613376
             0
             0
             0
             0
             0
    9.21814126
             0
   0.245650166
             0
             0
             0
             0
             0
             0
             0
             0
             0
             0
             0
             0
             0
             0
             0
   0.405873222
   0.726319332
   0.726319332
    1.68765766
             0
             0
             0
             0
             0
             0
             0
             0
             0
             0
             0
     1.2069885
             0
             0
             0
     8.7374721
             0
             0
    3.77055738
    2.00810377
             0
    8.09657987
   0.886542388
             0
    6.17390321
    3.61033433
             0
             0
    3.93078044
             0
   0.566096277
    2.80921905
   0.886542388
             0
             0
             0
    4.25122655
             0
             0
             0
             0
             0
             0
             0
             0
             0
             0
             0
             0
             0
             0
             0
             0
             0
             0
             0
             0
    3.77055738
             0
     1.2069885
   0.245650166
             0
             0
             0
             0
             0
             0
             0
             0
             0
             0
             0
             0
             0
             0
             0
             0
             0
             0
             0
             0
             0
             0
             0
             0
             0
             0
             0
             0
             0
             0
             0
             0
             0
             0
    1.52743461
    2.48877294
             0
             0
             0
    2.80921905
    2.32854988
    2.32854988
             0
             0
             0
             0
             0
             0
             0
             0
             0
             0
             0
             0
             0
    1.68765766
             0
             0
             0
             0
             0
             0
             0
             0
             0
             0
    4.09100349
             0
             0
             0
             0
             0
             0
             0
             0
             0
             0
             0
  0.0854271112
     4.4114496
             0
             0
             0
             0
             0
             0
             0
             0
             0
             0
             0
             0
   0.566096277
             0
    3.28988822
     1.2069885
             0
             0
             0
             0
   0.245650166
             0
             0
             0
             0
             0
             0
             0
             0
             0
             0
             0
             0
             0
             0
             0
             0
             0
             0
             0
             0
             0
             0
             0
             0
             0
             0
             0
             0
             0
             0
             0
             0
             0
             0
             0
             0
             0
    3.12966516
             0
             0
             0
             0
             0
             0
             0
             0
             0
    1.52743461
             0
             0
             0
             0
             0
             0
             0
             0
             0
             0
             0
             0
             0
    4.57167266
             0
             0
             0
             0
             0
             0
             0
             0
             0
             0
             0
             0
             0
             0
             0
             0
             0
             0
             0
             0
             0
             0
             0
             0
             0
             0
             0
             0
             0
             0
             0
             0
             0
             0
             0
             0
             0
             0
             0
             0
             0
             0
             0
             0
   0.245650166
    7.56784379
    12.0060224
    6.78275082
    15.8513757
             0
             0
             0
             0
             0
             0
             0
             0
             0
             0
             0
             0
             0
             0
             0
             0
             0
             0
             0
             0
    3.16972093
             0
             0
             0
             0
             0
             0
             0
             0
             0
             0
             0
             0
             0
             0
             0
             0
             0
             0
             0
             0
             0
             0
             0
             0
             0
    13.8806322
    10.0753346
             0
    2.35258334
             0
             0
             0
             0
             0
             0
             0
             0
             0
             0
             0
             0
             0
             0
             0
             0
             0
             0
             0
             0
             0
             0
             0
             0
             0
   0.902564693
             0
   0.902564693
             0
             0
             0
             0
    6.33412627
             0
             0
             0
             0
             0
             0
             0
   0.614163194
    13.2157065
             0
             0
             0
             0
             0
             0
             0
    5.16449796
             0
    1.30312233
             0
    3.36999974
   0.622174346
             0
             0
             0
             0
             0
             0
             0
             0
             0
             0
             0
             0
             0
             0
             0
             0
    1.25505541
    6.78275082
             0
             0
             0
             0
             0
             0
             0
             0
             0
             0
             0
             0
             0
             0
    3.01750902
    12.3825466
             0
             0
             0
             0
   0.405873222
             0
             0
     4.9722303
             0
             0
             0
             0
             0
             0
             0
             0
             0
             0
             0
   0.141505181
             0
             0
             0
             0
             0
             0
    2.00009262
             0
             0
             0
             0
     1.3431781
             0
             0
             0
             0
             0
             0
             0
    1.67163536
             0
             0
             0
             0
             0
             0
             0
     10.620093
    5.92555748
    7.84823414
    12.1342009
    3.38602205
             0
             0
             0
             0
    3.61834548
    5.13245335
    7.39159843
    11.3330856
    2.48877294
             0
             0
             0
             0
             0
             0
             0
             0
             0
             0
             0
             0
             0
             0
             0
             0
    1.10284351
    3.20977669
    1.60754614
    5.64516713
             0
             0
    2.26446066
   0.926598151
    6.88689581
    1.23102196
             0
    1.11085466
   0.277694777
             0
             0
    1.90395879
    2.25644951
    3.41005551
    5.48494407
     9.9071004
    2.23241605
             0
     4.6998511
             0
    24.5835323
             0
             0
             0
             0
             0
             0
             0
             0
   0.942620457
             0
             0
             0
             0
             0
             0
    5.67721174
             0
             0
             0
             0
             0
             0
    19.4483833
             0
             0
             0
             0
             0
             0
             0
             0
             0
             0
             0
             0
             0
             0
             0
             0
             0
             0
             0
             0
             0
             0
             0
             0
             0
             0
    7.92033451
             0
             0
             0
             0
             0
             0
             0
             0
             0
             0
             0
             0
             0
             0
             0
             0
             0
             0
             0
             0
             0
             0
             0
             0
             0
             0
             0
             0
             0
             0
             0
             0
             0
             0
             0
             0
             0
             0
             0
    3.04154248
             0
             0
             0
             0
             0
             0
    5.91754632
             0
             0
             0
             0
             0
             0
             0
             0
             0
             0
             0
             0
             0
             0
             0
     2.2244049
    1.08682121
             0
             0
             0
             0
             0
             0
             0
             0
             0
             0
             0
             0
             0
             0
    8.87366169
  0.0934382639
             0
             0
   0.109460569
    2.57689562
             0
             0
             0
             0
             0
             0
             0
             0
    3.56226741
    5.10841989
             0
             0
             0
             0
   0.606152041
             0
             0
    0.95063161
    6.27003704
             0
             0
     3.3780109
    5.13245335
             0
             0
    1.88793648
             0
             0
             0
             0
             0
             0
             0
             0
             0
             0
             0
             0
             0
             0
             0
             0
             0
             0
             0
             0
    5.64516713
    0.95063161
             0
             0
             0
    3.31392167
             0
             0
   0.918586999
    7.94436797
             0
             0
             0
             0
             0
    9.77892195
             0
   0.269683625
             0
             0
             0
             0
             0
             0
             0
             0
             0
             0
             0
             0
             0
             0
             0
   0.421895527
   0.734330485
   0.742341638
    1.71169112
             0
             0
             0
             0
             0
             0
             0
             0
             0
             0
             0
     1.2230108
             0
             0
             0
    9.23416357
             0
             0
    3.97884735
    2.23241605
             0
    8.64934942
   0.982676221
             0
    6.35815972
    3.75453508
             0
             0
    4.05094773
             0
   0.630185499
    2.99347556
   0.942620457
             0
             0
             0
    4.50758344
             0
             0
             0
             0
             0
             0
             0
             0
             0
             0
             0
             0
             0
             0
             0
             0
             0
             0
             0
             0
    3.79459084
             0
    1.35118925
   0.301728236
             0
             0
             0
             0
             0
             0
             0
             0
             0
             0
             0
             0
             0
             0
             0
             0
             0
             0
             0
             0
             0
             0
             0
             0
             0
             0
             0
             0
             0
             0
             0
             0
             0
             0
    1.59953498
      2.648996
             0
             0
             0
    2.92137519
    2.43269487
    2.46473948
             0
             0
             0
             0
             0
             0
             0
             0
             0
             0
             0
             0
             0
     1.7998138
             0
             0
             0
             0
             0
             0
             0
             0
             0
             0
    4.25122655
             0
             0
             0
             0
             0
             0
             0
             0
             0
             0
             0
   0.117471722
     4.5476392
             0
             0
             0
             0
             0
             0
             0
             0
             0
             0
             0
             0
   0.606152041
             0
    3.44210012
    1.23102196
             0
             0
             0
             0
   0.261672472
             0
             0
             0
             0
             0
             0
             0
             0
             0
             0
             0
             0
             0
             0
             0
             0
             0
             0
             0
             0
             0
             0
             0
             0
             0
             0
             0
             0
             0
             0
             0
             0
             0
             0
             0
             0
             0
    3.34596629
             0
             0
             0
             0
             0
             0
             0
             0
             0
    1.57550153
             0
             0
             0
             0
             0
             0
             0
             0
             0
             0
             0
             0
             0
    4.77195148
             0
             0
             0
             0
             0
             0
             0
             0
             0
             0
             0
             0
             0
             0
             0
             0
             0
             0
             0
             0
             0
             0
             0
             0
             0
   0.934609304
             0
             0
             0
             0
             0
             0
             0
             0
             0
             0
             0
             0
             0
             0
             0
             0
             0
             0
             0
     2.5288287
             0
             0
             0
             0
   0.165538639
    5.05234182
    22.3644429
    10.4919146
             0
             0
             0
             0
             0
             0
             0
             0
             0
             0
             0
    9.94715616
    3.19375438
    2.83325251
             0
             0
   0.421895527
             0
             0
             0
             0
             0
             0
    4.69183995
             0
             0
             0
             0
             0
             0
             0
             0
             0
             0
             0
             0
    2.93739749
    8.04050181
    4.18713733
    14.8419705
             0
             0
             0
   0.958642762
             0
             0
             0
   0.445928986
   0.189572097
             0
             0
    16.9248702
             0
             0
    4.91615223
             0
             0
             0
    4.69183995
   0.453940138
             0
             0
             0
             0
             0
             0
             0
             0
    1.40726732
   0.253661319
             0
             0
             0
    3.61033433
    6.94297388
    19.7688295
    2.44871718
    7.33552036
             0
    2.93739749
   0.477973597
    11.4452417
    6.45429356
    10.5239592
    1.96804801
             0
    4.94819684
    4.86007416
             0
             0
             0
             0
             0
             0
   0.413884374
    12.8552046
    8.67338287
   0.261672472
             0
    2.43269487
    6.75070621
             0
             0
             0
             0
             0
    1.15091043
             0
             0
             0
             0
             0
             0
             0
             0
             0
             0
             0
    3.16170977
             0
             0
             0
    3.62635663
   0.734330485
   0.686263568
             0
             0
             0
             0
   0.702285874
   0.654218957
    7.47170996
             0
             0
             0
   0.702285874
    8.76150555
    19.8809856
   0.990687373
    12.9513384
             0
    7.86425644
    1.67964651
             0
    1.17494389
    2.62496254
             0
    14.4093683
    2.68905176
    2.41667257
             0
             0
             0
             0
             0
    1.19897735
   0.686263568
             0
             0
             0
             0
    3.69845701
    4.01890312
             0
             0
             0
    5.67721174
    8.34492561
    1.23903311
             0
             0
    2.05617069
             0
    1.50340115
             0
             0
             0
             0
             0
             0
             0
             0
             0
             0
             0
             0
             0
    3.38602205
    4.19514848
    4.17912617
             0
             0
             0
             0
    1.40726732
    7.54381033
             0
             0
             0
             0
             0
             0
             0
             0
             0
             0
             0
             0
             0
             0
             0
     1.9360034
    6.84684004
             0
             0
    6.04572477
   0.437917833
   0.726319332
             0
             0
             0
             0
             0
             0
             0
             0
             0
             0
             0
             0
             0
             0
             0
             0
             0
             0
             0
             0
             0
             0
             0
             0
             0
    8.32089215
    1.71970227
      2.648996
    1.19096619
             0
             0
             0
             0
             0
             0
             0
             0
             0
             0
             0
             0
    3.62635663
             0
             0
             0
             0
             0
             0
             0
             0
             0
             0
             0
             0
             0
             0
             0
             0
             0
             0
             0
             0
             0
             0
             0
             0
             0
             0
             0
             0
             0
             0
             0
             0
             0
             0
             0
             0
             0
             0
             0
             0
             0
             0
             0
             0
             0
             0
             0
             0
             0
             0
             0
             0
             0
             0
             0
             0
             0
             0
             0
             0
             0
             0
             0
             0
             0
             0
             0
    9.62671005
             0
             0
             0
             0
             0
             0
             0
             0
             0
             0
             0
             0
             0
             0
             0
     29.446302
             0
             0
   0.205594403
             0
             0
             0
             0
             0
             0
             0
             0
             0
             0
             0
             0
    6.35014857
             0
             0
             0
             0
    1.19897735
    7.55983264
             0
             0
             0
             0
             0
             0
             0
             0
             0
             0
             0
             0
             0
             0
             0
             0
             0
             0
             0
    15.1704278
    6.20594782
     1.2230108
             0
             0
             0
             0
             0
             0
             0
             0
   0.916093892
             0
             0
             0
             0
             0
             0
             0
             0
   0.306262986
             0
             0
             0
             0
             0
             0
    4.72753705
             0
             0
             0
             0
             0
             0
    17.2290706
             0
             0
             0
             0
             0
             0
             0
             0
             0
             0
             0
             0
             0
             0
             0
             0
             0
             0
             0
             0
             0
             0
             0
             0
             0
             0
    6.55702977
             0
             0
             0
             0
             0
             0
             0
             0
             0
             0
             0
             0
             0
             0
             0
             0
             0
             0
             0
             0
             0
             0
             0
             0
             0
             0
             0
             0
             0
             0
             0
             0
             0
             0
             0
             0
             0
             0
             0
    2.28821343
             0
             0
             0
             0
             0
             0
    4.87999478
             0
             0
             0
             0
             0
             0
             0
             0
             0
             0
             0
             0
             0
             0
             0
     1.5259248
   0.458720712
             0
             0
             0
             0
             0
             0
             0
             0
             0
             0
             0
             0
             0
             0
    7.62423385
             0
             0
             0
             0
    1.83084025
             0
             0
             0
             0
             0
             0
             0
             0
    2.74558661
    4.11770615
             0
             0
             0
             0
 0.00134753326
             0
             0
   0.306262986
    5.33736796
             0
             0
    2.59312888
    4.27016387
             0
             0
    1.22100934
             0
             0
             0
             0
             0
             0
             0
             0
             0
             0
             0
             0
             0
             0
             0
             0
             0
             0
             0
             0
    4.57507933
   0.306262986
             0
             0
             0
    2.44067116
             0
             0
   0.306262986
    6.86194522
             0
             0
             0
             0
             0
    8.23406476
             0
             0
             0
             0
             0
             0
             0
             0
             0
             0
             0
             0
             0
             0
             0
             0
             0
             0
    0.15380526
    0.15380526
    1.06855162
             0
             0
             0
             0
             0
             0
             0
             0
             0
             0
             0
   0.611178439
             0
             0
             0
    7.77669158
             0
             0
    3.05050206
    1.37346707
             0
    7.16686067
   0.306262986
             0
    5.33736796
    2.89804434
             0
             0
    3.20295979
             0
 0.00134753326
     2.1357557
   0.306262986
             0
             0
             0
    3.50787524
             0
             0
             0
             0
             0
             0
             0
             0
             0
             0
             0
             0
             0
             0
             0
             0
             0
             0
             0
             0
    3.05050206
             0
   0.611178439
             0
             0
             0
             0
             0
             0
             0
             0
             0
             0
             0
             0
             0
             0
             0
             0
             0
             0
             0
             0
             0
             0
             0
             0
             0
             0
             0
             0
             0
             0
             0
             0
             0
             0
             0
   0.916093892
    1.83084025
             0
             0
             0
     2.1357557
    1.67838252
    1.67838252
             0
             0
             0
             0
             0
             0
             0
             0
             0
             0
             0
             0
             0
    1.06855162
             0
             0
             0
             0
             0
             0
             0
             0
             0
             0
    3.35541751
             0
             0
             0
             0
             0
             0
             0
             0
             0
             0
             0
             0
    3.66033297
             0
             0
             0
             0
             0
             0
             0
             0
             0
             0
             0
             0
 0.00134753326
             0
    2.59312888
   0.611178439
             0
             0
             0
             0
             0
             0
             0
             0
             0
             0
             0
             0
             0
             0
             0
             0
             0
             0
             0
             0
             0
             0
             0
             0
             0
             0
             0
             0
             0
             0
             0
             0
             0
             0
             0
             0
             0
             0
             0
             0
             0
             0
    2.44067116
             0
             0
             0
             0
             0
             0
             0
             0
             0
   0.916093892
             0
             0
             0
             0
             0
             0
             0
             0
             0
             0
             0
             0
             0
    3.81279069
             0
             0
             0
             0
             0
             0
             0
             0
             0
             0
             0
             0
             0
             0
             0
             0
             0
             0
             0
             0
             0
             0
             0
             0
             0
             0
             0
             0
             0
             0
             0
             0
             0
             0
             0
             0
             0
             0
             0
             0
             0
             0
             0
             0
             0
    6.66375018
    10.8868292
    5.91670732
    14.5458146
             0
             0
             0
             0
             0
             0
             0
             0
             0
             0
             0
             0
             0
             0
             0
             0
             0
             0
             0
             0
    2.47878559
             0
             0
             0
             0
             0
             0
             0
             0
             0
             0
             0
             0
             0
             0
             0
             0
             0
             0
             0
             0
             0
             0
             0
             0
             0
    12.6705846
     9.0497136
             0
    1.70125118
             0
             0
             0
             0
             0
             0
             0
             0
             0
             0
             0
             0
             0
             0
             0
             0
             0
             0
             0
             0
             0
             0
             0
             0
             0
   0.321508759
             0
   0.321508759
             0
             0
             0
             0
    5.48982568
             0
             0
             0
             0
             0
             0
             0
  0.0470848512
     12.037885
             0
             0
             0
             0
             0
             0
             0
    4.37688428
             0
   0.702653075
             0
    2.66935775
  0.0547077375
             0
             0
             0
             0
             0
             0
             0
             0
             0
             0
             0
             0
             0
             0
             0
             0
   0.656915757
    5.91670732
             0
             0
             0
             0
             0
             0
             0
             0
             0
             0
             0
             0
             0
             0
    2.33395075
    11.2451049
             0
             0
             0
             0
             0
             0
             0
    4.19393501
             0
             0
             0
             0
             0
             0
             0
             0
             0
             0
             0
             0
             0
             0
             0
             0
             0
             0
    1.36584418
             0
             0
             0
             0
   0.740767506
             0
             0
             0
             0
             0
             0
             0
    1.05330585
             0
             0
             0
             0
             0
             0
             0
    9.56806987
    5.10105848
     6.9305512
    11.0087954
    2.68460352
             0
             0
             0
             0
    2.90566722
    4.34639274
    6.49604668
    10.2465067
    1.83084025
             0
             0
             0
             0
             0
             0
             0
             0
             0
             0
             0
             0
             0
             0
             0
             0
   0.512080917
    2.51690002
   0.992322755
    4.83425746
             0
             0
    1.61739943
   0.344377418
    6.01580484
   0.634047098
             0
   0.519703803
             0
             0
             0
    1.27436955
    1.60977655
    2.70747218
    4.68179973
    8.88963298
    1.58690789
             0
    3.93475687
             0
    22.8547607
             0
             0
             0
             0
             0
             0
             0
             0
    0.35962319
             0
             0
             0
             0
             0
             0
    4.86474901
             0
             0
             0
             0
             0
             0
    17.9684906
             0
             0
             0
             0
             0
             0
             0
             0
             0
             0
             0
             0
             0
             0
             0
             0
             0
             0
             0
             0
             0
             0
             0
             0
             0
             0
    6.99915718
             0
             0
             0
             0
             0
             0
             0
             0
             0
             0
             0
             0
             0
             0
             0
             0
             0
             0
             0
             0
             0
             0
             0
             0
             0
             0
             0
             0
             0
             0
             0
             0
             0
             0
             0
             0
             0
             0
             0
    2.35681941
             0
             0
             0
             0
             0
             0
     5.0934356
             0
             0
             0
             0
             0
             0
             0
             0
             0
             0
             0
             0
             0
             0
             0
      1.579285
   0.496835144
             0
             0
             0
             0
             0
             0
             0
             0
             0
             0
             0
             0
             0
             0
    7.90628065
             0
             0
             0
             0
      1.914692
             0
             0
             0
             0
             0
             0
             0
             0
    2.85230702
    4.32352408
             0
             0
             0
             0
  0.0394619649
             0
             0
   0.367246077
    5.42884259
             0
             0
    2.67698063
    4.34639274
             0
             0
    1.25912378
             0
             0
             0
             0
             0
             0
             0
             0
             0
             0
             0
             0
             0
             0
             0
             0
             0
             0
             0
             0
    4.83425746
   0.367246077
             0
             0
             0
    2.61599754
             0
             0
   0.336754531
    7.02202583
             0
             0
             0
             0
             0
     8.7676668
             0
             0
             0
             0
             0
             0
             0
             0
             0
             0
             0
             0
             0
             0
             0
             0
             0
             0
   0.161428146
   0.169051032
    1.09142028
             0
             0
             0
             0
             0
             0
             0
             0
             0
             0
             0
   0.626424212
             0
             0
             0
    8.24931053
             0
             0
    3.24869711
    1.58690789
             0
    7.69283983
   0.397737622
             0
    5.51269434
    3.03525629
             0
             0
    3.31730308
             0
  0.0623306238
    2.31108209
    0.35962319
             0
             0
             0
     3.7518076
             0
             0
             0
             0
             0
             0
             0
             0
             0
             0
             0
             0
             0
             0
             0
             0
             0
             0
             0
             0
    3.07337072
             0
   0.748390393
             0
             0
             0
             0
             0
             0
             0
             0
             0
             0
             0
             0
             0
             0
             0
             0
             0
             0
             0
             0
             0
             0
             0
             0
             0
             0
             0
             0
             0
             0
             0
             0
             0
             0
             0
   0.984699869
    1.98329798
             0
             0
             0
    2.24247611
    1.77748005
    1.80797159
             0
             0
             0
             0
             0
             0
             0
             0
             0
             0
             0
             0
             0
    1.17527203
             0
             0
             0
             0
             0
             0
             0
             0
             0
             0
    3.50787524
             0
             0
             0
             0
             0
             0
             0
             0
             0
             0
             0
             0
    3.78992203
             0
             0
             0
             0
             0
             0
             0
             0
             0
             0
             0
             0
  0.0394619649
             0
    2.73796372
   0.634047098
             0
             0
             0
             0
             0
             0
             0
             0
             0
             0
             0
             0
             0
             0
             0
             0
             0
             0
             0
             0
             0
             0
             0
             0
             0
             0
             0
             0
             0
             0
             0
             0
             0
             0
             0
             0
             0
             0
             0
             0
             0
             0
    2.64648909
             0
             0
             0
             0
             0
             0
             0
             0
             0
    0.96183121
             0
             0
             0
             0
             0
             0
             0
             0
             0
             0
             0
             0
             0
    4.00336285
             0
             0
             0
             0
             0
             0
             0
             0
             0
             0
             0
             0
             0
             0
             0
             0
             0
             0
             0
             0
             0
             0
             0
             0
             0
   0.352000304
             0
             0
             0
             0
             0
             0
             0
             0
             0
             0
             0
             0
             0
             0
             0
             0
             0
             0
             0
    1.86895468
             0
             0
             0
             0
             0
    4.27016387
    20.7432212
    9.44610368
             0
             0
             0
             0
             0
             0
             0
             0
             0
             0
             0
    8.92774741
    2.50165425
    2.15862436
             0
             0
             0
             0
             0
             0
             0
             0
             0
    3.92713399
             0
             0
             0
             0
             0
             0
             0
             0
             0
             0
             0
             0
    2.25772188
    7.11350047
    3.44689215
     13.585331
             0
             0
             0
   0.374868963
             0
             0
             0
             0
             0
             0
             0
    15.5672814
             0
             0
    4.14057481
             0
             0
             0
    3.92713399
             0
             0
             0
             0
             0
             0
             0
             0
             0
   0.801750597
             0
             0
             0
             0
    2.89804434
    6.06916504
     18.273406
    1.79272582
    6.44268647
             0
    2.25772188
             0
    10.3532272
    5.60416898
    9.47659523
    1.33535264
             0
    4.17106635
     4.0872146
             0
             0
             0
             0
             0
             0
             0
    11.6948551
    7.71570849
             0
             0
    1.77748005
    5.88621577
             0
             0
             0
             0
             0
   0.557818235
             0
             0
             0
             0
             0
             0
             0
             0
             0
             0
             0
     2.4711627
             0
             0
             0
    2.91329011
   0.161428146
   0.115690828
             0
             0
             0
             0
   0.130936601
  0.0851992828
    6.57227554
             0
             0
             0
   0.130936601
    7.79956024
    18.3801265
   0.405360508
    11.7863298
             0
    6.94579697
    1.06092873
             0
   0.580686894
    1.96042932
             0
    13.1736951
    2.02141241
    1.76223427
             0
             0
             0
             0
             0
   0.603555553
   0.115690828
             0
             0
             0
             0
    2.98189608
    3.28681154
             0
             0
             0
    4.86474901
    7.40317015
   0.641669984
             0
             0
    1.41920439
             0
   0.893225233
             0
             0
             0
             0
             0
             0
             0
             0
             0
             0
             0
             0
             0
    2.68460352
    3.45451504
    3.43926926
             0
             0
             0
             0
   0.801750597
    6.64088152
             0
             0
             0
             0
             0
             0
             0
             0
             0
             0
             0
             0
             0
             0
             0
    1.30486109
    5.97769041
             0
             0
    5.21540178
             0
    0.15380526
             0
             0
             0
             0
             0
             0
             0
             0
             0
             0
             0
             0
             0
             0
             0
             0
             0
             0
             0
             0
             0
             0
             0
             0
             0
    7.38030149
    1.09904316
    1.98329798
   0.595932666
             0
             0
             0
             0
             0
             0
             0
             0
             0
             0
             0
             0
    2.91329011
             0
             0
             0
             0
             0
             0
             0
             0
             0
             0
             0
             0
             0
             0
             0
             0
             0
             0
             0
             0
             0
             0
             0
             0
             0
             0
             0
             0
             0
             0
             0
             0
             0
             0
             0
             0
             0
             0
             0
             0
             0
             0
             0
             0
             0
             0
             0
             0
             0
             0
             0
             0
             0
             0
             0
             0
             0
             0
             0
             0
             0
             0
             0
             0
             0
             0
             0
    8.62283196
             0
             0
             0
             0
             0
             0
             0
             0
             0
             0
             0
             0
             0
             0
             0
    27.4818527
             0
             0
             0
             0
             0
             0
             0
             0
             0
             0
             0
             0
             0
             0
             0
    5.50507146
             0
             0
             0
             0
   0.603555553
    6.65612729
             0
             0
             0
             0
             0
             0
             0
             0
             0
             0
             0
             0
             0
             0
             0
             0
             0
             0
             0
    13.8978693
     5.3678595
   0.626424212
             0
             0
             0
             0
             0
             0
             0
             0
