#
    2.89285147
   0.708560564
    4.50732735
             0
             0
             0
             0
  0.0437763767
  0.0437763767
    2.13309811
  0.0437763767
    1.82444831
    13.8380483
             0
             0
             0
    7.64130996
             0
             0
  0.0437763767
             0
     2.3349076
     17.221325
    23.2162538
  0.0437763767
             0
             0
             0
             0
             0
             0
    3.32021274
    24.1184609
             0
             0
             0
             0
             0
             0
             0
             0
    3.14214554
    22.8719906
             0
             0
             0
             0
             0
             0
             0
    9.92057004
    2.60002986
    19.0771808
             0
             0
             0
             0
             0
             0
             0
             0
    3.29647044
    23.9522649
             0
             0
             0
             0
             0
             0
             0
             0
    3.25294291
    23.6475721
   0.233714716
             0
             0
             0
             0
             0
             0
             0
    2.74644067
    20.1020565
             0
             0
             0
             0
             0
             0
             0
    4.60229653
    2.41009152
    17.7476124
             0
             0
             0
   0.233714716
     7.8312483
             0
             0
             0
    1.49205622
    11.3213653
  0.0437763767
             0
             0
             0
             0
             0
             0
             0
    1.77696373
    14.2654096
    3.65260483
    2.32303645
  0.0437763767
             0
             0
             0
             0
             0
   0.953897587
    7.55425489
             0
             0
             0
             0
             0
             0
    11.2866789
    1.22603699
   0.262650126
    1.09972044
    1.24430723
    4.09947241
   0.116857358
             0
   0.129037522
             0
   0.141217685
   0.527184446
             0
             0
    5.29391318
    7.00944832
             0
             0
             0
    0.18993834
     1.8993834
             0
             0
    2.27926008
    8.54722528
             0
             0
    5.12833517
    7.21765691
             0
    0.18993834
    3.41889011
             0
             0
    0.18993834
   0.379876679
             0
    0.18993834
             0
    0.18993834
             0
             0
    0.18993834
    0.18993834
             0
    0.18993834
             0
    0.18993834
             0
    0.18993834
             0
             0
    7.59753358
    2.27926008
   0.569815019
   0.379876679
    0.18993834
    4.93839683
   0.759753358
    1.13963004
    2.27926008
    10.4466087
             0
    0.18993834
             0
   0.759753358
    0.18993834
    12.1560537
    0.18993834
    1.51950672
             0
    0.18993834
             0
             0
    0.18993834
             0
    0.18993834
             0
             0
    0.18993834
             0
             0
             0
   0.949691698
    0.18993834
    1.70944506
    2.08932174
    2.08932174
    3.22895177
             0
             0
             0
             0
             0
             0
    0.18993834
             0
             0
    0.18993834
             0
    2.65913675
             0
             0
   0.949691698
    11.5862387
   0.949691698
   0.569815019
    5.69815019
    3.60882845
   0.379876679
    10.8264854
    2.27926008
   0.379876679
    8.54722528
    5.50821185
             0
   0.379876679
    5.88808853
   0.759753358
     1.8993834
    4.55852015
    2.27926008
    0.18993834
             0
   0.379876679
    6.26796521
             0
    0.18993834
             0
    0.18993834
             0
    0.18993834
             0
             0
             0
             0
    0.18993834
             0
             0
    0.18993834
             0
             0
    0.18993834
             0
             0
   0.949691698
    5.69815019
             0
    2.65913675
    1.51950672
             0
             0
             0
    0.18993834
             0
             0
             0
             0
             0
    0.18993834
             0
             0
   0.332392095
    2.32674467
             0
             0
             0
             0
             0
             0
             0
             0
    0.50650224
    3.54551568
             0
             0
             0
             0
             0
             0
             0
   0.143432261
   0.556235702
    4.20590502
    2.97257618
    4.10556249
   0.110213633
             0
  0.0969261814
    4.45886427
    3.88240552
     3.8757618
   0.529368934
     1.1875094
             0
             0
             0
             0
             0
             0
   0.803529735
   0.993468075
   0.795615639
    6.63621959
             0
    3.08278981
             0
             0
             0
             0
             0
             0
    1.27046149
    9.77020218
  0.0437763767
             0
     5.9318649
             0
  0.0437763767
             0
             0
             0
   0.807486783
    6.52937926
             0
             0
             0
             0
    1.18340641
    6.31174158
  0.0437763767
             0
   0.874756612
    7.00026806
             0
             0
             0
             0
             0
             0
             0
   0.233714716
    2.89680852
    8.80863934
    4.98217321
    2.51297479
  0.0437763767
             0
             0
             0
    1.37334475
             0
    1.10030839
    7.24956213
   0.423653056
             0
             0
             0
             0
             0
             0
             0
    1.66616636
    12.5401363
             0
             0
             0
             0
             0
             0
             0
             0
    1.61868177
    12.2077442
             0
             0
             0
             0
             0
             0
             0
             0
     1.8402765
    13.7589073
             0
             0
             0
             0
    4.79223487
   0.613591396
             0
             0
    1.29420378
    9.93639824
             0
             0
             0
             0
    2.89285147
             0
             0
             0
       1.39313
    10.6288818
             0
             0
             0
             0
             0
             0
             0
             0
    7.78772077
    8.85612393
             0
             0
             0
             0
             0
             0
             0
             0
    1.56724014
    11.8476528
             0
             0
             0
             0
             0
             0
             0
             0
    1.52766965
    11.5706594
             0
             0
             0
             0
             0
             0
             0
             0
   0.839143173
    6.75097399
             0
             0
             0
             0
             0
             0
             0
             0
   0.684818274
    5.67069969
             0
             0
  0.0437763767
    1.37334475
    10.0535269
    15.3148189
    9.12282901
     19.873339
    0.12291735
    1.92733157
             0
  0.0437763767
             0
  0.0523741392
             0
             0
   0.065270783
             0
  0.0738685455
             0
             0
  0.0867651893
             0
             0
  0.0996618331
             0
   0.108259596
             0
    4.91280043
             0
   0.125455121
             0
   0.134052883
             0
   0.142650646
             0
             0
    0.15554729
             0
             0
   0.168443933
             0
   0.177041696
             0
             0
             0
    0.18993834
             0
             0
             0
    0.18993834
             0
             0
             0
    17.6832594
    13.1722239
   0.579311936
    4.01719588
             0
    0.18993834
             0
    0.18993834
             0
             0
    0.18993834
             0
    0.18993834
             0
             0
   0.379876679
   0.379876679
    0.18993834
             0
    0.18993834
             0
             0
   0.199435257
             0
    0.18993834
             0
             0
             0
             0
    2.29825391
   0.579311936
    2.29825391
             0
    0.18993834
             0
             0
    8.73716362
   0.199435257
             0
    0.18993834
             0
    0.18993834
             0
   0.579311936
     1.9563649
    16.8950153
             0
             0
             0
             0
    0.18993834
    1.14912695
   0.389373596
    7.35061374
             0
    2.77309976
   0.759753358
    5.22330434
    1.96586182
             0
    0.18993834
    0.18993834
             0
    0.18993834
    0.18993834
    0.18993834
    0.18993834
             0
    0.18993834
    0.18993834
             0
    0.18993834
             0
    0.18993834
   0.579311936
    2.71611826
    9.26899097
   0.398870513
             0
             0
    0.18993834
             0
    0.18993834
             0
    0.18993834
             0
    0.18993834
             0
             0
             0
   0.769250275
    4.80543999
    15.9073359
             0
             0
    0.18993834
             0
    1.70944506
    0.18993834
             0
    7.12268774
             0
    0.18993834
    0.18993834
             0
    0.18993834
             0
             0
             0
             0
             0
   0.978182449
     1.3960468
             0
             0
    0.18993834
             0
             0
             0
    3.59933154
   0.978182449
    0.18993834
             0
             0
    2.82058434
             0
             0
    0.18993834
    1.01032364
     0.1877423
   0.209595162
    0.17050947
    3.18072555
             0
             0
             0
             0
   0.131473554
             0
             0
    14.0981444
    10.6639109
    10.4443838
    15.5193879
    5.14290804
     0.2936339
   0.487222678
  0.0730087693
             0
    5.38908624
    7.23355575
    10.2382319
    14.5170779
    4.03248151
  0.0532732937
   0.822523569
   0.423653056
             0
             0
  0.0437763767
   0.455309446
     4.0641379
    1.05044958
  0.0437763767
             0
             0
             0
             0
  0.0437763767
             0
    2.91580235
    8.57121641
    2.98782064
     7.7742668
             0
             0
    3.76656783
     2.1805827
    9.24628893
    2.54146554
   0.368254375
    5.99992615
    1.41133242
  0.0437763767
   0.243211633
    3.33920657
    3.75707092
    5.12462696
    7.58432846
    12.8266266
    4.33400862
    4.28177558
     6.6536306
   0.243211633
    30.2249785
   0.708560564
    4.50732735
             0
             0
             0
             0
  0.0437763767
  0.0532732937
    2.19957653
  0.0437763767
    1.82444831
    13.8380483
             0
             0
             0
    7.81225447
             0
             0
  0.0437763767
             0
     2.3349076
     17.221325
    24.1374548
  0.0437763767
             0
             0
             0
             0
             0
             0
    3.32021274
    24.1184609
             0
             0
             0
             0
             0
             0
             0
             0
    3.14214554
    22.8719906
             0
             0
             0
             0
             0
             0
             0
    10.4713912
    2.60002986
    19.0771808
             0
             0
             0
             0
             0
             0
             0
             0
    3.29647044
    23.9522649
             0
             0
             0
             0
             0
             0
             0
             0
    3.25294291
    23.6475721
   0.243211633
             0
             0
             0
             0
             0
             0
             0
    2.74644067
    20.1020565
             0
             0
             0
             0
             0
             0
             0
    4.68776878
    2.41009152
    17.7476124
             0
             0
             0
   0.243211633
    8.09716198
             0
             0
             0
    1.49205622
    11.3213653
  0.0437763767
             0
             0
             0
             0
             0
             0
             0
    1.77696373
    14.2844034
    3.71908325
    2.37052104
  0.0437763767
             0
             0
             0
             0
             0
   0.981302955
    7.58622782
             0
             0
             0
             0
             0
             0
    11.6654702
    1.26141675
   0.287010453
    1.12255825
    1.29411327
    4.22373126
   0.135127604
             0
   0.144262726
             0
   0.153397849
   0.537842089
             0
             0
     5.4329601
    7.27043264
             0
             0
             0
    0.18993834
    1.94686798
             0
             0
    2.35523541
    8.66118829
             0
             0
    5.23280126
    7.31262608
             0
    0.18993834
     3.4663747
             0
             0
    0.18993834
   0.379876679
             0
    0.18993834
             0
   0.199435257
             0
             0
    0.18993834
    0.18993834
             0
    0.18993834
             0
    0.18993834
             0
   0.199435257
             0
             0
    7.92042876
    2.35523541
   0.579311936
   0.379876679
    0.18993834
    5.15682592
   0.769250275
    1.19661154
    2.31724774
    10.6460439
             0
   0.199435257
             0
   0.769250275
    0.18993834
    12.8208379
   0.199435257
    1.54799747
             0
    0.18993834
             0
             0
    0.18993834
             0
    0.18993834
             0
             0
    0.18993834
             0
             0
             0
   0.959188615
    0.18993834
    1.72843889
    2.09881865
    2.10831557
    3.25744252
             0
             0
             0
             0
             0
             0
   0.199435257
             0
             0
   0.199435257
             0
    2.67813059
             0
             0
   0.987679366
    12.1750476
   0.997176283
    0.59830577
    5.94507003
    3.87474213
   0.417864347
    11.4817726
    2.39322308
   0.398870513
    8.76565437
    5.67915635
             0
   0.398870513
    6.03054228
   0.769250275
    1.97535873
    4.77694924
    2.34573849
   0.199435257
             0
   0.398870513
    6.57186655
             0
    0.18993834
             0
   0.199435257
             0
    0.18993834
             0
             0
             0
             0
    0.18993834
             0
             0
   0.199435257
             0
             0
    0.18993834
             0
             0
   0.959188615
    5.72664094
             0
    2.83008126
    1.58598514
             0
             0
             0
    0.18993834
             0
             0
             0
             0
             0
    0.18993834
             0
             0
   0.332392095
    2.32674467
             0
             0
             0
             0
             0
             0
             0
             0
   0.473093791
    3.50793117
             0
             0
             0
             0
             0
             0
             0
   0.118945386
   0.534216497
    4.18635348
    3.04096457
    4.28088463
   0.107562023
             0
  0.0992099106
    4.58707559
    4.00358759
    4.03739921
   0.541523341
    1.22112531
             0
             0
             0
             0
             0
             0
   0.841517403
    1.03145574
   0.795615639
    6.64571651
             0
    3.21574665
             0
             0
             0
             0
             0
             0
    1.27046149
    9.77020218
  0.0437763767
             0
    6.12180324
             0
  0.0532732937
             0
             0
             0
   0.807486783
    6.52937926
             0
             0
             0
             0
    1.22139408
    6.47318917
  0.0532732937
             0
   0.874756612
    7.00026806
             0
             0
             0
             0
             0
             0
             0
   0.233714716
     2.9442931
    8.81813626
    5.16261463
    2.54146554
  0.0532732937
             0
             0
             0
    1.39233859
             0
    1.10030839
    7.24956213
   0.452143807
             0
             0
             0
             0
             0
             0
             0
    1.66616636
    12.5401363
             0
             0
             0
             0
             0
             0
             0
             0
    1.61868177
    12.2077442
             0
             0
             0
             0
             0
             0
             0
             0
     1.8402765
    13.7589073
             0
             0
             0
             0
    5.04865163
   0.632585229
             0
             0
    1.29420378
    9.93639824
             0
             0
             0
             0
    2.94983297
             0
             0
             0
       1.39313
    10.6288818
             0
             0
             0
             0
             0
             0
             0
             0
    8.02514369
    8.85612393
             0
             0
             0
             0
             0
             0
             0
             0
    1.56724014
    11.8476528
             0
             0
             0
             0
             0
             0
             0
             0
    1.52766965
    11.5706594
             0
             0
             0
             0
    2.19007961
             0
             0
             0
   0.839143173
    6.75097399
             0
  0.0532732937
             0
             0
             0
             0
             0
             0
   0.684818274
    5.67069969
             0
             0
             0
             0
    4.07996609
             0
             0
             0
   0.141187596
     3.1862911
    7.10194535
     27.630873
    13.5625321
             0
   0.193556283
             0
             0
             0
             0
             0
             0
             0
             0
             0
    12.9898228
    4.99001184
    4.56874066
             0
             0
    1.72843889
   0.284907509
             0
   0.284907509
             0
             0
             0
    6.79029564
             0
             0
             0
   0.294404426
   0.294404426
   0.617299604
             0
             0
             0
             0
             0
             0
    4.71047082
    10.7600069
    6.19198987
    18.8228895
   0.284907509
             0
   0.284907509
    2.36473233
   0.294404426
             0
   0.284907509
    1.75692964
     1.4530283
   0.883213279
   0.873716362
    21.2920879
   0.294404426
             0
    7.05620932
             0
             0
             0
    6.79029564
    1.76642656
             0
             0
             0
    1.14912695
             0
             0
             0
             0
    2.89655968
    1.52900363
   0.294404426
             0
             0
    5.50821185
    9.45892931
    24.6634934
    4.13115889
    9.92427824
    1.17761771
    4.71047082
    1.79491731
    14.7961967
    8.87961738
    13.7040512
    3.56134387
             0
    7.09419698
     6.9897309
   0.294404426
   0.579311936
             0
             0
             0
             0
    1.71894197
     16.467654
    11.5102634
    1.53850055
   0.873716362
    4.11216505
    9.23100331
   0.854722528
   0.883213279
   0.294404426
             0
             0
    2.59265834
   0.579311936
             0
             0
             0
             0
             0
   0.579311936
             0
             0
   0.569815019
             0
     4.9763845
   0.902207113
             0
   0.579311936
    5.52720568
    2.09881865
    2.04183715
             0
             0
             0
             0
    2.06083098
    2.00384948
    10.0857258
             0
   0.284907509
    1.17761771
    2.06083098
    11.6147295
    24.7964502
       2.40272
     16.581617
   0.294404426
    10.5510748
    3.21945486
   0.588808853
    2.62114909
    4.34009106
             0
    18.3100559
     4.4160664
    4.09317122
             0
             0
             0
             0
             0
    2.64963984
    2.04183715
             0
             0
             0
             0
    5.61267794
    5.99255461
   0.284907509
             0
             0
    7.95841643
    11.1208898
    2.69712442
             0
  0.0276993406
    3.85970534
             0
    3.00387896
             0
             0
   0.581227784
             0
             0
             0
   0.302984582
    2.43314718
             0
             0
             0
             0
             0
    5.14264229
    6.09518718
    6.06954962
   0.800031066
   0.546467491
             0
             0
    2.75039772
    10.0250361
             0
             0
             0
             0
   0.455309446
     4.0641379
             0
             0
             0
             0
             0
             0
             0
             0
   0.978431289
    7.06120661
    9.19880435
             0
             0
    8.24911265
    1.60127076
    1.94315977
             0
             0
   0.368254375
     3.4547524
             0
             0
             0
             0
             0
             0
    0.44264689
             0
   0.459266495
    4.09183724
             0
             0
             0
             0
             0
             0
             0
             0
    1.31003197
    10.0471956
             0
    10.9462371
    3.12077748
    4.22241985
    2.49398096
             0
             0
             0
   0.435524203
     3.9256412
             0
             0
             0
             0
             0
             0
   0.138745546
    5.38104372
   0.878713661
     7.0279674
   0.138745546
             0
             0
             0
             0
             0
             0
             0
    1.51184146
     11.459862
             0
             0
             0
             0
             0
             0
             0
             0
    1.71365095
    12.8725284
             0
             0
             0
             0
             0
             0
             0
             0
    1.81653421
    13.5927113
             0
             0
             0
             0
             0
             0
             0
             0
    1.78092077
    13.3434172
             0
             0
             0
             0
             0
             0
             0
             0
    1.63055292
    12.2908422
             0
             0
             0
             0
             0
             0
             0
             0
    1.63055292
    12.2908422
             0
             0
             0
             0
             0
    12.4942345
             0
             0
     0.7600022
    6.19698718
    0.44264689
    1.03145574
   0.148242463
             0
             0
             0
             0
             0
    0.91037005
    7.24956213
    1.02195883
    35.9896071
             0
             0
    1.32586017
   0.433149973
             0
             0
    0.25745701
    2.67917085
             0
             0
             0
             0
             0
             0
             0
    8.60999549
             0
    0.85101432
             0
             0
    2.50777676
    10.0526277
    0.15164219
             0
             0
             0
  0.0382551078
     0.9685034
             0
             0
             0
             0
             0
             0
             0
             0
             0
             0
             0
             0
             0
    19.1606765
    8.53792526
    2.63514178
             0
             0
             0
             0
   0.263413103
             0
             0
             0
