#
    0.94755767
    2.24988596
     2.4895628
    2.62248069
    2.42263002
    2.63104585
    2.77587526
    2.64638654
    1.92839648
    1.77220916
    1.91253054
    2.71376987
    3.45813833
     3.3429259
    2.77031656
    1.87153627
     2.3202518
    3.25969516
    3.61479381
     3.5385882
    3.48969719
    3.54546762
    3.01005527
     2.4835717
    2.88289733
    3.16799806
     3.4151357
     3.9388825
    3.69035028
    3.41759215
     3.5231175
    2.99422363
    3.17898823
    3.24279121
    3.33701148
    3.18180023
    3.55775523
    3.80275819
    3.75611843
    3.59000201
    2.97206527
    2.99386217
    3.32271674
    3.57698681
    3.71206537
    3.67104804
    3.55540616
    3.80896111
    3.89649767
    3.08019896
    3.08909678
    3.89457823
    3.80243669
    3.21321713
    2.73696715
    3.21570324
    3.53992292
     3.4826366
    3.92932175
    3.56906801
    3.19251732
    3.68173768
    3.76214106
    3.82831185
    3.77940806
    3.84600806
    3.96147892
    3.24719118
    3.54751211
    3.59772173
    3.58461847
     2.8378153
    3.17185401
    3.80241509
    2.94541739
    3.64770446
    2.86555645
    2.79166393
    2.96906295
    3.29236741
    3.39417708
    3.18079337
     2.9838864
    2.79850795
    3.32027142
    3.41073784
    3.20706668
    3.32799048
    2.86297498
    2.86518699
    2.57007152
    2.38531325
     2.6293907
    2.87522518
    2.41600257
     1.9612064
    1.45471124
    1.61385111
    2.40972546
    2.48236115
    2.75610186
    2.31906584
    1.89874874
    2.46946093
    2.57929923
    2.70922705
       2.72112
    2.76785859
    2.47834262
    2.38406679
    2.33394682
    2.24450356
    1.56278205
    1.12837699
    1.70418817
    2.10644035
    2.13860226
     2.1980795
     2.1592414
    1.93588811
    2.42146837
    2.15942707
     2.0693089
    1.95667553
    2.07353464
    2.21956151
    2.07845495
    2.45020298
    1.21090438
   0.828323736
    1.38656163
    2.33663602
    1.94242059
   0.859396776
   0.966404778
     1.0789065
    1.48243923
    1.28734206
    1.30081388
    1.01670593
   0.946539215
    1.23023705
    0.83414982
   0.701503005
    1.36893632
    1.63079299
     1.4571479
    1.62119312
    1.30056088
    1.17351105
     1.0614394
    1.01350753
   0.446592701
   0.399508175
    0.82787393
   0.671052244
    0.44897839
   0.484864829
   0.624656868
   0.628273463
    0.57936841
   0.744389002
    1.04941484
   0.718908375
    0.52027493
    0.99370502
   0.920393118
   0.885318986
   0.602729718
   0.578451499
   0.488385596
   0.465215648
   0.613924848
   0.726271402
   0.916789972
   0.910299483
    0.78755398
   0.740037924
   0.802521717
   0.728541568
   0.510162958
   0.272326958
    0.50309517
   0.489122544
    0.62445683
    0.55770407
   0.263954093
   0.541822441
    0.39510493
   0.295610189
   0.278744251
   0.474077208
   0.661635346
   0.528404714
   0.368710272
   0.296899269
   0.512028233
   0.403886166
   0.285584262
   0.617894553
   0.535883722
   0.647307232
   0.525717972
   0.628462622
   0.595193232
   0.780254931
   0.659845456
   0.651156893
   0.562636999
   0.775610942
   0.546959226
   0.392596836
   0.363818358
   0.410047195
   0.359114417
   0.449416315
   0.334819064
   0.402825274
   0.382443518
   0.522541438
   0.607179633
   0.640463548
   0.477254122
   0.364866326
   0.489557611
    0.66524522
    0.49208994
   0.260825383
   0.454700262
    0.37902879
   0.672585316
   0.652740105
   0.575555494
   0.620359145
   0.611705203
   0.456480604
   0.448542207
    1.21264974
   0.758856042
   0.721844988
   0.706900703
   0.404719681
   0.388819099
   0.848560257
   0.712189308
   0.942433108
   0.461691267
   0.471228133
   0.500916032
   0.557243166
   0.761363856
    1.12447653
   0.746492656
   0.649446282
   0.900294651
    1.11881234
    1.10763653
    1.13461026
    1.18312044
    1.20590726
    1.20743088
    1.34203627
    1.33395517
    1.18699638
    1.17975753
     1.1119123
    1.25288553
    1.43611885
    1.40444996
    1.35965892
    1.54153741
     1.7274109
    1.24460406
   0.819422669
   0.757592301
   0.959636063
    1.17054352
    1.31234842
    1.41898793
    1.96757299
    1.65925622
    1.73080436
    2.06281327
    1.86018663
    1.81621471
    1.93738245
    1.91648673
    1.53531639
    2.03916878
    2.18222225
    2.23751781
    2.20626148
    2.02656205
    2.36001186
     2.6960026
    2.40779522
    2.46896326
    2.69557548
    2.42834932
    2.34196747
    1.91176131
    1.79035417
    1.99528763
    2.06477139
    1.72598611
    2.08934308
    2.26481611
    2.23419132
    2.44605285
    1.76668154
    1.73998696
    2.51505544
    2.25205231
    1.58902492
    2.36669086
    2.51859455
     1.8350787
    1.57768669
    1.08408408
     1.1353503
    1.06606611
    1.24476253
    1.71212726
    1.97934774
    2.31237239
    2.93112952
    3.23372622
    2.65855425
    2.44268246
    2.17340684
     1.7554984
    1.97780212
    2.77848173
     1.9162074
    2.38220368
    3.27899795
    3.25978719
    3.23940005
    3.50940287
     3.5335039
    3.66054041
     3.7978103
    2.85938708
    2.59499274
    1.86732118
    1.30119937
    1.60791842
    2.43345326
    3.33877898
    2.72589423
    2.88986043
    3.16410597
    3.14746437
    3.46765787
     3.3110988
    3.74184601
    2.81897716
    1.82867989
    1.26005101
    2.48289416
    3.83918897
    4.23065978
    4.18658308
    4.06198855
    3.86866472
    3.93901276
    3.81364038
    3.65659297
    2.29511367
    1.69331725
    1.54130565
    1.86816474
    1.78621684
     2.7566667
    2.35708311
    3.53044761
    3.80916084
    4.05997718
    2.70278582
    1.63671047
     2.5860526
    1.91714681
    3.30385528
    3.45638467
    4.00428838
     4.5667612
    4.58102284
    3.49310741
    3.35027291
    3.37251046
    3.11915876
    3.50765796
    3.10743773
    2.66004035
     3.2871098
      3.594402
    3.62579973
    3.73686461
    3.91930615
    3.51211471
     3.4980601
    3.77752232
    3.76588435
    3.99234361
    4.13889085
    4.03913997
    4.25541479
    3.77542331
    3.44509259
     4.0366687
    3.67177157
      4.164755
    4.31510797
    3.89792834
    3.98475033
    3.64451574
    3.44400824
    2.96763263
    3.11229957
    3.81625814
    4.04728022
    3.98700647
    4.06151462
    3.83170746
    4.37403326
    3.67883475
    2.96589819
     3.1743354
    3.42017434
    3.33091686
    3.58487365
    3.27360759
    3.36156347
    3.17319397
    3.28958764
    3.71940341
    3.80547364
    3.88737877
    3.57877453
     3.6186269
    3.05392342
    3.02659401
     3.7505113
    3.75594369
    3.77871377
    3.46304038
    3.72240066
     3.7287239
    3.80060159
      3.318775
    3.15783754
    3.25858601
    3.52054085
    3.32229388
    3.45754307
    3.97895565
    3.79694641
     3.1516532
    2.88626377
    3.22982805
    3.54382741
    3.16360827
    3.71029594
    3.36211654
    2.72107464
    2.92478473
    2.26463497
    2.50563663
    1.34367033
    1.64433033
    1.60706009
    1.37401399
    1.73502754
    1.41829547
    1.57986329
    1.86052568
    2.09182394
    1.99464069
    2.07976049
    2.79225016
     2.8404584
    2.67043369
    2.23269494
    2.35290035
    2.24156349
    2.10648165
   0.858150126
    1.63791922
    1.76410218
    2.08088384
    1.81694682
    1.64308851
     1.4584807
   0.935193459
     1.0395718
   0.686375677
    1.33676481
    1.32875982
     1.7650441
    1.79707657
    1.83382456
    2.14496356
    2.29566521
    1.76218505
    1.44400585
    1.65349184
   0.552364611
   0.498489617
     1.1471621
   0.596566844
   0.617615352
   0.457051618
   0.552596973
    1.02100517
    1.08099842
     1.1974315
   0.980064551
   0.876626121
   0.648929218
    1.40698419
    1.12103861
    1.28541285
    1.32996591
   0.476554873
   0.845239978
    1.94324561
   0.950155895
   0.694297067
   0.677674871
   0.984166428
    1.22642565
    0.99869192
   0.877508156
    1.00160032
   0.696619703
   0.562164765
   0.689727284
   0.684312245
   0.564947333
   0.677037286
     0.6056415
   0.548467643
   0.415725313
   0.429004929
   0.412806314
   0.483989857
   0.628853068
   0.772996275
   0.203886386
   0.619571268
    0.71942549
   0.577504234
    0.44450107
   0.421120234
   0.462158706
   0.489399632
   0.530517309
   0.466274953
   0.271333984
   0.257583828
   0.903223989
   0.670512108
   0.563427524
   0.247182063
   0.225687854
   0.396971839
    0.52609643
   0.625629664
   0.355039591
   0.315255545
   0.273760119
   0.449771285
   0.327298999
   0.320487581
   0.423992369
   0.403325631
   0.315863102
   0.509673978
   0.411525842
   0.495570834
   0.430197066
   0.293185073
   0.201079819
   0.392723482
   0.578463177
   0.637948599
    1.20058336
   0.700255861
    0.28313678
    0.26821007
   0.279647513
   0.298487567
   0.907971205
   0.451168987
   0.308361771
    0.26384983
   0.282637973
   0.610917883
   0.832562968
    0.62117381
   0.324927704
   0.441843799
   0.490035613
   0.888223252
    1.00667842
   0.973348697
   0.791158189
    0.69117682
    0.83555827
   0.606817472
   0.853176923
   0.763391448
   0.493542314
   0.404085171
   0.541557143
   0.513539786
   0.444013237
   0.756466783
   0.691192406
   0.467352691
   0.992302453
   0.878439488
   0.697631064
   0.691509862
   0.410033135
   0.448179062
   0.229391298
   0.505082864
   0.976156111
   0.915735092
   0.702063975
   0.661112832
   0.535382604
   0.937502791
   0.921504404
     1.0220546
    1.15628559
    1.10658965
    1.17138388
      1.018551
   0.665874519
   0.889326855
   0.387138063
   0.518572399
   0.296871896
    1.37532797
    1.52356313
    1.22914956
    1.18195286
   0.988500923
    1.11224854
    1.18556432
    1.19491271
    1.16565621
    1.51031054
    1.39255042
    1.05980335
   0.955204449
    1.18753824
    1.27729916
    1.20678282
   0.895269739
    1.34131027
    1.20035709
    1.37059761
     1.4697838
    1.01210549
    1.62028439
    1.09520411
    1.57346218
    1.33134394
     1.3093895
    1.54872456
    1.82578703
    1.75577694
    1.93640517
    2.23546408
     1.8606302
    2.28238509
    2.05997522
    2.40270815
    2.10439747
    1.12289026
    1.31506509
    1.58441281
    1.05435288
    1.30006602
    1.34604393
    1.55516043
   0.972199783
    1.55925327
    1.12537452
     1.7459372
    1.77228287
     2.1098748
    2.11249299
    2.51765855
    2.60539917
    2.12145769
    2.23696078
    2.35715021
    2.92538466
     3.0630953
     2.4675087
    2.06546596
    1.41714185
    0.99033682
    1.70872992
    1.75973297
    1.38709556
    1.44202799
    1.07261537
    0.78138811
    1.92509193
    1.97390459
      2.193742
    2.35627931
    3.11298982
    3.25385777
     3.0312414
    2.73154981
    2.56810328
    2.72886676
    1.58150196
    2.22068262
    1.93530202
    2.30067896
    2.40500862
    2.57537274
    2.76253171
    2.84123893
    3.18430163
     3.6899641
    3.30048296
    3.59041187
    2.88885895
     3.3530803
    2.73290661
    2.63761015
    1.83630104
    1.64811039
    1.88839412
    1.82158655
    2.17615398
    1.93350993
    2.32653012
    2.15358863
     2.3661168
    2.76511008
     2.7476971
    2.88823815
    2.94827779
    3.01349933
     3.4188478
    1.84730243
     2.9129617
    2.52858374
    3.13520739
    3.48417364
    3.44231342
    3.21035459
    2.83711603
    2.77384988
    3.45220325
    3.98437535
      3.677988
    3.73515667
    4.08911775
    3.69428494
    3.87054975
    4.31093302
    4.09983541
    3.59141792
    3.28862514
    3.51955074
    3.43323687
    3.79182118
    3.86940285
    4.10194203
    4.29998118
    3.54306701
    3.34256631
    3.79266254
    3.76880089
    4.37792111
    4.47860973
    3.77221013
    4.00670344
    4.13127053
    3.76898281
    4.13937352
    4.20212091
    3.54877777
    3.67187751
    3.88226406
    3.84564464
    3.77567697
    3.86750493
    3.47833733
     3.9083981
    4.67881949
    4.20620341
    3.45052846
    3.73475538
    3.15031388
    3.22642052
    3.33513089
    2.74493889
    3.30988794
    3.25765911
    3.39466766
    3.71681054
    3.90964023
    2.90733103
    3.29276662
    3.66112326
    4.56974773
    3.39094611
    3.16427057
    3.24276411
    3.47114593
    3.44691559
    1.32863852
    2.34971174
    2.58656526
    2.86938825
    3.29368433
    2.51354358
     1.0735478
    1.97725596
    2.15964983
    2.59318382
    2.77973301
    3.06859775
    2.76313994
    3.02158822
    2.77616452
    1.47916368
   0.737213775
    1.65193672
    1.97486137
      1.240922
     1.6010495
    1.85994728
    1.10554808
    1.64513872
    1.90458571
    1.87680044
     1.7736044
    1.89513579
    2.17277879
    1.49019692
    2.08938164
    1.94131977
    2.01613532
   0.573186874
    1.40976147
    1.48838193
   0.915581725
    1.27551874
    1.63529993
   0.682668305
   0.789776375
   0.657197079
    1.02061358
    1.13728392
     1.1280241
    1.16989469
     1.1231345
    1.26453184
    1.19956135
    1.17101812
    1.36583925
    1.33615621
    0.90203281
    1.07875049
    0.89339732
    1.28243427
    1.16324537
    1.33085863
     1.3860976
   0.421289499
   0.389007098
   0.398011819
   0.910017575
   0.827754175
   0.861223375
   0.922004934
    0.58578827
   0.933436065
   0.701236963
   0.308435265
   0.609455606
   0.961075246
   0.393865736
   0.279075949
   0.604627115
   0.569016471
   0.507388343
   0.527587732
   0.597407331
   0.462482204
    0.23261272
   0.657291158
   0.348557905
   0.338149228
   0.464813289
   0.452714863
   0.406914747
   0.553291392
   0.362529499
   0.540751871
   0.284619151
   0.303362334
   0.185779091
   0.413339531
   0.365420615
   0.299837098
   0.278972129
   0.458297381
   0.424756299
   0.470888308
   0.186979991
   0.411229286
   0.484999674
   0.346508842
   0.458738278
   0.766762753
   0.616377095
   0.486614554
   0.536706792
   0.346308183
   0.244521032
    0.44874565
   0.268702725
   0.245739253
   0.243320447
   0.406255903
   0.444350187
   0.446647122
   0.482232888
   0.317844374
   0.349205309
   0.321556024
   0.294293797
   0.282779354
   0.368220265
   0.282790328
   0.222847302
   0.272502614
   0.377560544
   0.407620468
   0.352938973
   0.228363804
   0.201135658
   0.297748434
   0.234934161
    0.29654884
   0.237004789
   0.211175457
   0.258293721
     0.3150598
   0.314103727
    0.28773267
   0.418269868
   0.750659412
     0.8480683
   0.738229684
   0.799538508
    0.59191339
   0.478638357
   0.269628197
   0.292781836
   0.281878139
   0.250816226
   0.503989926
   0.568305062
   0.600852504
   0.585355069
    0.75117413
     0.9001717
   0.977063678
    1.07382603
    1.06804946
   0.566572687
    0.86972152
    1.10067753
   0.581596545
   0.242292303
   0.383111896
   0.300050431
   0.254732355
   0.682026342
    0.51462336
   0.532666501
   0.430710527
   0.284447199
    1.02142727
   0.992546872
   0.965624216
   0.934516707
     1.1285416
    1.45617862
    1.28055074
   0.966733815
   0.846287502
   0.874330163
   0.556753604
   0.713873788
    1.01098234
    1.24199125
      1.085285
    1.22427195
    1.70739797
    1.14338193
   0.536209017
   0.400813918
   0.391686838
      1.053619
    0.80188113
    1.03512728
    1.23855601
    1.53238391
    1.83003066
    1.60190151
    1.54120998
   0.876229954
   0.913337001
    1.12689597
   0.790927523
   0.793406566
   0.376830621
    1.13415349
   0.966768588
    1.48138754
    2.19920256
    1.40414619
   0.466600622
    1.01574119
    1.89822658
    1.99358554
    2.36904856
    2.45860791
    2.26834394
    1.84211296
    1.93586883
    1.89355434
    2.02559101
    2.44455176
    2.55655844
    1.94625029
    1.78812483
    2.00469093
    1.14176284
   0.933410223
   0.942835414
   0.823386751
    1.10272473
    1.19562528
    1.52051377
    1.49450282
    2.15547617
    2.20590885
    1.03284579
   0.832491113
    1.24889862
    2.02956609
    2.12699719
    2.03638071
    2.17788551
    1.89995871
    1.57264199
    2.06575014
    2.46509804
    2.66873196
    3.10013808
    2.62816668
    2.39314468
    2.79588383
    3.16753883
    2.68300713
    1.18683996
    1.93999597
    1.62315886
    2.61169954
    2.51645753
    2.60414525
    2.51116488
    2.94416081
    2.57122268
     2.4842422
    1.17039821
    2.51987824
    2.59925464
    1.88834495
    2.59466662
    3.55909902
    3.12861337
    2.91299179
    2.62141138
    2.57575725
    1.59669815
    1.77592402
    2.59647011
    1.58589929
    2.38293171
    2.96651626
    3.52731595
    3.12810522
    3.19630166
    3.60785074
     2.9983352
    3.04498912
    3.30999621
     3.5042465
    3.96046673
    4.01983488
    3.73130392
    3.37859752
    3.74743095
    3.88636445
    3.86237827
    4.40794841
    3.73456364
    3.36582999
    3.36065794
    3.51347693
     4.0292484
    3.36596687
    3.34371876
    3.90372257
    3.65135123
     3.3363876
    2.75380677
    2.90597393
    3.30733848
    3.47555501
    2.79752451
    3.26612592
    3.17079367
    3.80480999
    3.88664644
    3.51438535
     3.2867931
    3.44121643
    3.87022007
    3.47046447
    3.61621486
     3.5031199
    3.65157802
    3.49502466
    3.60225406
    3.91419174
    3.51334029
      4.220669
    3.57778464
    3.52566718
    2.87523213
    1.83818059
    3.06033244
    3.65970085
    3.47240549
    2.32359693
    3.53906022
    3.36766255
    3.77636597
    3.37121215
    3.71426599
    3.28258246
    3.94953811
    3.44987194
    3.02442079
    3.82113838
    3.43550338
     3.5869066
    3.57772353
    3.45889689
    1.23363454
    1.33906731
     2.3330565
    2.81333846
    2.93449406
    2.77414153
    2.74242827
    3.15545893
     3.0077477
     3.2551549
    2.12435831
    1.04386312
    1.37904688
    1.41654158
    2.00591208
    2.16942219
    2.80959875
    2.99976194
    2.76845244
    3.38411251
    2.94899055
    2.02457294
     2.3709461
     2.8633592
    2.50123849
    2.85501858
    2.19440197
    2.35638067
    2.30919741
     2.4848254
    2.55908643
    2.77243589
    2.42610404
    2.58877301
    1.99405819
    2.12476628
    2.55646568
    2.25757176
     2.2945657
    2.58738951
    2.30061784
    2.31602586
    2.15925493
    2.14656524
    2.26892194
    2.25950643
    2.75028968
    2.02033767
    1.95983503
    2.01183491
    1.87000192
    2.16526618
    2.17200558
    2.22415664
    2.13481293
    2.07458732
    1.79831416
    1.99435133
    2.12949751
    1.49993023
    1.88736411
     1.4129097
     1.7190312
   0.982714433
   0.894147088
   0.605072947
   0.572531883
   0.801941933
   0.987987926
   0.686270342
    0.87182299
    1.02315182
   0.529183295
   0.303812397
   0.437620595
   0.472412833
   0.722027375
   0.870043665
   0.836736325
   0.629675191
   0.309876846
   0.549985777
   0.755641068
    1.02328608
    1.27807967
   0.633080685
   0.267157456
   0.483795034
   0.670049092
   0.645265798
   0.226402494
   0.444587327
   0.244495532
   0.395384823
   0.668517037
   0.379660873
    0.58358304
   0.430454039
   0.282883768
   0.339120988
   0.427296206
   0.405023103
   0.458636312
   0.470439446
   0.427424265
   0.306401704
   0.418605335
   0.371406941
   0.528971112
   0.256763695
   0.288298349
   0.198143274
   0.209485903
   0.301429374
   0.259972861
   0.259820882
    0.40648148
   0.253683472
   0.457062747
   0.350418345
   0.510594796
   0.294242419
    0.32432839
   0.197313955
   0.266673037
   0.533900165
    0.56241162
   0.511485921
    0.55762563
   0.538043481
   0.490239237
   0.491740568
   0.489099656
   0.211382383
   0.326082859
   0.266424971
   0.502565385
   0.340303465
   0.467859129
   0.433311515
   0.251173124
   0.294000955
   0.218144318
   0.297130717
   0.277625309
   0.664223378
   0.679370744
   0.392147976
   0.300763018
   0.562346952
   0.724573762
   0.725374587
   0.415990753
   0.720738171
   0.328587327
   0.535095796
   0.845664757
   0.666296279
   0.423719162
   0.649715984
   0.929118425
    0.99135013
   0.855712453
    1.16894529
   0.429326898
    1.17461985
    1.10329952
    1.22408303
    1.08131066
    1.20174141
    1.03426368
    1.06995561
    1.00433147
   0.980301117
    1.58080415
    1.46830139
    1.21915063
    1.11019667
    1.19779259
    1.21582687
    1.17705559
    1.27773163
    1.20099468
    1.38127521
    1.41414229
    1.56926392
    1.69006091
     1.4964222
    1.76358904
    1.43141432
    1.48458542
    1.48629579
     1.6725633
    1.32427506
    1.54225951
   0.982305559
   0.730007234
    1.52243603
    1.43533425
     1.4649312
    1.79006001
    2.07281972
    2.28077759
    1.95940837
    1.73365887
    1.80033635
    2.12895921
    2.04531528
    1.48127306
   0.993614504
    1.84060258
    1.97813638
    2.09432926
    1.13492304
    1.78285254
     1.9559265
    2.11589353
    1.92760861
    2.19352003
    2.74343087
     2.9150359
    2.91666701
    2.62292137
    2.03347658
    1.91754956
    1.33099748
   0.921395903
    1.10462164
   0.659969894
   0.799541118
   0.720623293
    1.85242319
    2.48683383
    1.42774099
   0.938908644
    1.08140097
    1.80885573
    1.67100524
     2.2110002
    2.53593901
    2.07683247
   0.629684478
    1.41005376
    1.76602268
    1.39566513
    1.77622918
    1.36403286
    1.93405345
   0.924013127
    1.02858543
   0.574387155
   0.691457436
   0.871215553
    1.78726617
    1.58344118
    1.87406477
   0.880449699
    1.25160525
    1.78280215
    1.46488643
    1.42996523
    1.79582885
    2.83589702
     3.0359173
    2.36284092
    2.61093621
    2.91837392
    3.26375658
    2.80899997
    2.82423148
    3.09759363
    2.43728738
    1.83357699
     2.0423168
    2.33278792
    2.22266572
     2.7914369
    3.06189175
    3.31074144
    2.48052372
    2.56280495
    2.82496405
    3.32094273
    3.19296315
    3.42902971
    3.78561096
    1.72322332
    2.76059334
    3.23039359
    3.13237826
    2.42191953
    2.56983599
    2.95108565
    2.49996636
    2.43231108
    3.27425939
     2.5614878
    3.11306796
    3.72166019
     3.4832631
    2.94360279
    3.24977354
    2.41471533
     3.5338376
    3.12301994
    3.57291642
    3.47265287
    3.50759131
    3.89740293
    4.06904714
    3.31866103
    4.68328917
    4.34082086
     3.4248332
    2.65648893
    3.19993564
    3.57639454
    3.89374362
    3.39007987
    3.57015749
    3.28258657
    3.15719653
    3.23487459
    3.72745077
    3.37065351
    3.56140916
    4.16417667
    3.86804001
    3.80039762
    3.43547545
    3.99938705
    4.07287215
    4.65824597
    4.71411988
    3.98766041
    3.71886161
    4.11929597
    4.04766988
     3.9185046
    3.70768724
    2.78758189
    1.82777576
    2.94027581
    3.49507812
      3.594547
    4.30691093
    3.75933314
     3.4887063
    3.69530284
    3.68515472
    2.92679144
      2.836716
     3.3263457
    3.71173711
    3.95369392
     4.1386543
    4.57617317
    3.39847286
    3.03790938
    3.15482761
    2.38419493
    2.97220393
    3.69655326
    3.68752352
    3.59981957
    3.72804676
     3.9547186
    3.56934598
    3.15316714
    2.73492522
     2.8638502
    2.79761267
    3.21776759
    2.61607673
    3.26650434
    3.06083925
    3.54990034
    3.31424532
    3.61405578
    3.30892225
    3.17379389
    2.91724923
    2.75504354
    1.35495585
    1.51028274
    1.19732986
    1.55107892
    1.86495798
    2.17618369
    1.54457245
    1.93305552
    1.69667743
    1.40462354
    1.22575788
    1.26932152
    1.51229832
     1.4055435
    1.36129029
    1.54134786
   0.885976062
   0.842923274
   0.629956125
   0.805648194
   0.956128575
    0.48752499
   0.701898337
     1.2296989
    1.30139529
    1.25100141
    1.31863985
    1.31563708
    1.35476976
   0.991274087
    1.28264628
    1.22936476
    1.06960167
   0.976179213
   0.871432409
   0.945108478
   0.883164962
    0.61792961
   0.989308075
    1.02071662
   0.439303547
   0.259713193
   0.585867171
   0.760807505
    0.97553518
   0.745161402
    0.98205093
   0.344612549
   0.592866473
   0.377700875
   0.761909021
   0.785413357
   0.807230092
   0.277229162
   0.693318957
   0.434033846
     0.6208324
   0.421997721
   0.323822247
   0.555006806
    0.68820213
   0.388439804
   0.322537623
   0.446389215
    0.41581142
   0.574616777
   0.657523997
   0.638368885
   0.625433344
   0.551444876
   0.593651895
   0.384160455
   0.509410517
   0.641964793
   0.372580339
   0.525583405
    0.56669481
   0.419435122
   0.303802311
    0.30068255
    0.45410921
    0.41637777
   0.494210393
    0.51133943
   0.253549043
   0.321340021
    0.47750412
   0.498146917
   0.395848479
   0.370581293
   0.298324502
   0.295577845
   0.466034272
   0.442004419
   0.328634559
   0.230581542
   0.312455661
    0.24159022
   0.262085755
   0.342385934
   0.251985337
   0.359987963
   0.236227846
    0.29781873
   0.416014829
   0.300877023
   0.348027464
   0.430636092
   0.536080153
   0.400516035
    0.34854518
   0.391107672
   0.369167795
   0.348441203
   0.330905493
   0.265313065
    0.48195506
   0.451035304
    0.50884355
   0.517284969
   0.520493844
   0.443241245
   0.513890317
   0.523486572
   0.290993845
   0.518157978
   0.351428267
   0.324391943
   0.347146922
   0.472087657
   0.437125879
   0.246218085
   0.346030605
   0.300186534
   0.287279136
   0.253073898
   0.413766431
   0.329263322
   0.294885402
   0.548386462
   0.294148504
   0.647240519
   0.280515637
    0.59754393
   0.665846625
   0.612966112
   0.680182323
   0.621080501
   0.671145177
   0.650281403
   0.755335242
   0.640899221
   0.693357671
    0.68275435
   0.738319248
   0.617730334
    0.34407768
   0.573455076
   0.637659566
   0.833332099
   0.846925361
   0.809257012
   0.717524871
   0.480547887
   0.684365663
   0.491580958
   0.505340494
   0.590950056
   0.355021428
   0.666253878
   0.710022485
     0.8067794
    0.83293714
   0.378290379
   0.538816259
   0.827169575
   0.866824469
   0.748711044
   0.427143411
   0.490352769
   0.753324036
   0.748585981
   0.437214742
   0.831438547
   0.722437895
   0.797347218
   0.782315131
    0.85479254
    1.01124943
    1.05650385
    0.59137778
   0.591273236
     0.9424264
   0.450482942
    1.14792759
    1.14652126
   0.903235175
   0.816078304
   0.779138853
   0.551596485
   0.549050064
   0.888610615
   0.743505179
   0.672770984
   0.992729325
   0.664587065
    0.87661625
   0.942063678
   0.579618862
   0.990236739
   0.920336884
    1.32540327
   0.726104923
    0.82822885
   0.889177279
    0.82338694
   0.856749081
    1.24029005
    1.66747353
    1.77130244
    1.65879908
    1.73215105
    1.89961214
    1.75943156
    1.67322406
    1.63223215
     1.6890639
    1.67145403
    1.78761557
    1.71217338
    1.92107835
    1.33852428
    1.28354541
    1.22485166
     0.4340284
   0.551299578
    1.34705627
    1.53711728
    1.77830176
    1.92200659
    1.77595536
    1.21157793
    1.13231982
    1.09089107
   0.723970345
    1.58915007
    1.95838045
    2.01796718
    2.08668624
    2.06166183
    1.23644327
    1.21985572
   0.923914594
     1.1075518
    1.31222866
    1.23591133
    1.16303508
    2.04465222
    2.08661923
    2.09504516
    2.12629283
     1.7073969
    1.68725941
    1.72207031
    1.18180264
    1.92854128
    2.16425829
    2.13802257
    2.17492307
    2.20130398
    2.24492554
    2.10658412
    1.69819468
    1.18510258
    1.20722255
    1.67533278
    1.37455903
    1.68658796
    2.36541875
    2.33755197
    2.36920427
    2.41090099
    2.33732805
    1.67828242
    1.48409723
    1.60683023
    2.21242074
    2.14550527
    2.36224614
     2.3579483
    2.42018679
    2.48237549
    2.43027314
    2.28946852
    2.34591256
    2.46243631
    2.47113633
    2.12628636
    2.29680941
     2.4290099
    2.49029766
    2.47531913
    2.50779883
    2.55076544
    2.43681078
    2.34897294
    2.15690088
    1.99180021
    2.44233772
    2.23876232
    1.93471074
    1.79825405
    1.93673256
    2.19069481
    2.25331175
    2.06476085
    2.35488291
    2.32496667
    2.33545379
    2.26815116
    2.31482205
    2.25258728
     2.0631293
    1.45305181
    1.51090589
      2.174509
    2.31407032
    2.37182411
     2.3624064
    2.13543372
    2.14298875
    2.21778072
     1.8534192
    1.50949684
    1.91779126
    2.12947552
    2.22361195
     2.2388215
    2.11977667
    2.11030863
      2.078813
    2.06495228
    2.10572297
   0.687870691
    1.61390622
    1.65033465
    1.61908677
    1.60231203
    1.62322676
    1.62777064
    1.48444227
    1.52512921
    1.48764977
    1.45823683
    1.46258069
    1.44356796
    1.35142221
    1.38630805
    1.46602405
    1.37831065
    1.42350927
    1.46875911
    1.18936826
   0.737832945
    1.23299511
   0.954772103
    1.23756321
    1.26419293
    1.20864356
    1.23988071
     1.2799977
    1.28276737
    1.30003108
    1.18601053
    1.26364351
    1.20887566
    1.20480643
      1.191616
    1.18714922
    1.16599018
    1.19279499
    1.19125441
    1.08996871
   0.871055145
    1.01817583
    0.43562258
   0.526595979
   0.456673374
   0.157871686
