#
    2.97218561
  0.0469025001
             0
             0
             0
             0
             0
  0.0469025001
  0.0469025001
    2.19211006
  0.0469025001
             0
  0.0469025001
             0
             0
             0
     7.8476572
             0
             0
  0.0469025001
             0
             0
             0
    23.8392048
  0.0469025001
             0
             0
             0
             0
             0
             0
             0
             0
             0
             0
             0
             0
             0
             0
             0
             0
             0
             0
             0
             0
             0
             0
             0
             0
             0
    10.1878843
             0
             0
             0
             0
             0
             0
             0
             0
             0
             0
             0
             0
             0
             0
             0
             0
             0
             0
             0
             0
             0
             0
   0.241921365
             0
             0
             0
             0
             0
             0
             0
             0
             0
             0
             0
             0
             0
             0
             0
             0
    4.72735548
             0
             0
             0
             0
             0
   0.241921365
    8.04267597
             0
             0
             0
             0
             0
  0.0469025001
             0
             0
             0
             0
             0
             0
             0
             0
   0.826977968
    3.75226116
    2.38712907
  0.0469025001
             0
             0
             0
             0
             0
             0
             0
             0
             0
             0
             0
             0
             0
    11.5530157
    1.21701574
  0.0469025001
             0
    1.21701574
     4.1422987
  0.0469025001
             0
  0.0469025001
             0
  0.0469025001
   0.436940253
             0
             0
    5.31241226
    7.06758213
             0
             0
             0
  0.0469025001
    1.80207241
             0
             0
    2.19211006
    8.62773323
             0
             0
    5.11739302
     7.2626009
             0
  0.0469025001
    3.36222339
             0
             0
  0.0469025001
   0.241921365
             0
  0.0469025001
             0
  0.0469025001
             0
             0
  0.0469025001
  0.0469025001
             0
  0.0469025001
             0
  0.0469025001
             0
  0.0469025001
             0
             0
    7.65263844
    2.19211006
   0.436940253
   0.241921365
  0.0469025001
    4.92237425
    0.63195914
    1.02199686
    2.19211006
    10.5779219
             0
  0.0469025001
             0
    0.63195914
  0.0469025001
    12.3330917
  0.0469025001
    1.41203463
             0
  0.0469025001
             0
             0
  0.0469025001
             0
  0.0469025001
             0
             0
  0.0469025001
             0
             0
             0
   0.826977968
  0.0469025001
    1.60705352
    1.99709117
    1.99709117
    3.16720438
             0
             0
             0
             0
             0
             0
  0.0469025001
             0
             0
  0.0469025001
             0
    2.58214784
             0
             0
   0.826977968
    11.7480345
   0.826977968
   0.436940253
     5.7024498
    3.55724216
   0.241921365
    10.9679594
    2.19211006
   0.241921365
    8.62773323
    5.50743103
             0
   0.241921365
    5.89746857
    0.63195914
    1.80207241
    4.53233671
    2.19211006
  0.0469025001
             0
   0.241921365
    6.28750658
             0
  0.0469025001
             0
  0.0469025001
             0
  0.0469025001
             0
             0
             0
             0
  0.0469025001
             0
             0
  0.0469025001
             0
             0
  0.0469025001
             0
             0
   0.826977968
     5.7024498
             0
    2.58214784
    1.41203463
             0
             0
             0
  0.0469025001
             0
             0
             0
             0
             0
  0.0469025001
             0
             0
             0
             0
             0
             0
             0
             0
             0
             0
             0
             0
             0
             0
             0
             0
             0
             0
             0
             0
             0
  0.0469025001
             0
             0
    2.97218561
     4.1422987
  0.0469025001
             0
  0.0469025001
    4.53233671
    3.94727993
    3.94727993
   0.436940253
    0.63195914
             0
             0
             0
             0
             0
             0
   0.826977968
    1.02199686
             0
  0.0469025001
             0
    3.16720438
             0
             0
             0
             0
             0
             0
             0
             0
  0.0469025001
             0
    6.09248734
             0
  0.0469025001
             0
             0
             0
             0
             0
             0
             0
             0
             0
    1.21701574
    6.48252535
  0.0469025001
             0
             0
             0
             0
             0
             0
             0
             0
             0
             0
   0.241921365
    1.80207241
   0.826977968
    5.11739302
    2.58214784
  0.0469025001
             0
             0
             0
    1.41203463
             0
  0.0469025001
             0
   0.436940253
             0
             0
             0
             0
             0
             0
             0
             0
             0
             0
             0
             0
             0
             0
             0
             0
             0
             0
             0
             0
             0
             0
             0
             0
             0
             0
             0
             0
             0
             0
             0
             0
             0
    4.92237425
    0.63195914
             0
             0
             0
             0
             0
             0
             0
             0
      3.264714
             0
             0
             0
             0
             0
             0
             0
             0
             0
             0
             0
             0
             0
    6.67754412
    14.8390837
             0
             0
             0
             0
             0
             0
             0
             0
             0
             0
             0
             0
             0
             0
             0
             0
             0
             0
             0
             0
             0
             0
             0
             0
    2.19211006
             0
             0
             0
             0
             0
             0
  0.0469025001
             0
             0
             0
             0
             0
             0
             0
             0
             0
             0
  0.0469025001
    3.94727993
  0.0176496673
     4.9613781
             0
             0
    0.63195914
             0
    2.35787606
    17.3645782
    40.1232796
    12.9083977
  0.0664043874
             0
             0
             0
             0
   0.436940253
    10.5779219
  0.0469025001
             0
    3.55724216
    2.58214784
    16.9355373
     8.0036726
     4.6298461
  0.0469025001
             0
   0.514947772
   0.271174192
             0
             0
             0
   0.154162884
   0.144411936
    3.07944608
             0
   0.144411936
             0
             0
   0.212668538
             0
             0
             0
             0
             0
   0.144411936
      3.069695
    3.30371761
    8.68623829
    6.16074419
    24.5607738
             0
   0.144411936
    1.32427609
    1.43153656
  0.0469025001
    1.89958179
    2.38712907
    1.61680448
             0
   0.329679877
             0
  0.0371515565
             0
             0
     3.9765327
             0
             0
             0
             0
             0
             0
             0
             0
    1.41203463
    1.41203463
  0.0469025001
    3.36222339
    0.63195914
             0
    0.63195914
   0.436940253
    1.21701574
  0.0469025001
             0
             0
   0.241921365
  0.0469025001
    0.63195914
    0.63195914
             0
  0.0469025001
             0
             0
             0
  0.0469025001
             0
             0
  0.0469025001
  0.0469025001
             0
             0
             0
    0.63195914
    2.19211006
   0.241921365
  0.0469025001
   0.241921365
  0.0469025001
             0
  0.0469025001
             0
             0
             0
             0
             0
             0
  0.0469025001
             0
             0
             0
  0.0469025001
             0
  0.0469025001
             0
  0.0469025001
  0.0469025001
   0.826977968
    4.95162725
    7.36986113
    1.64605725
   0.173664764
   0.232170433
  0.0469025001
  0.0469025001
             0
             0
             0
   0.826977968
    2.67965722
   0.758721411
    2.06534791
    8.14018536
  0.0469025001
    1.02199686
    1.69481194
    3.51823854
    1.08050251
  0.0469025001
  0.0469025001
             0
             0
     16.379734
  0.0469025001
             0
             0
             0
             0
    4.87361956
   0.436940253
             0
             0
             0
             0
  0.0469025001
  0.0664043874
    2.74791384
   0.310177982
             0
             0
  0.0664043874
             0
    7.25285006
    9.80759716
             0
             0
             0
    8.93976307
    18.9637337
    4.20080471
             0
             0
    8.35470676
   0.349181741
    2.80641961
             0
   0.436940253
    1.88007987
             0
             0
             0
             0
             0
             0
             0
             0
    1.80207241
    0.83672893
     4.5518384
    8.32545376
     12.284337
   0.622208178
   0.407687426
             0
             0
    3.73275924
    10.4706612
             0
             0
             0
             0
             0
             0
             0
             0
             0
             0
  0.0371515565
             0
    3.16720438
    1.80207241
    8.71549129
     2.4456346
    9.15428352
   0.865981758
             0
    6.39476681
   0.456442118
    1.98734033
             0
             0
             0
             0
             0
             0
             0
             0
   0.485694975
             0
   0.524698734
             0
             0
             0
             0
             0
             0
             0
             0
             0
             0
             0
             0
    10.9679594
    3.11844969
    16.6430092
    8.12068367
    4.26906109
    4.01553679
             0
             0
             0
             0
             0
             0
             0
             0
             0
   0.144411936
    6.38501596
   0.778223276
    12.6353712
             0
   0.358932704
             0
             0
             0
  0.0176496673
             0
             0
             0
             0
             0
             0
             0
             0
             0
             0
             0
             0
             0
             0
             0
             0
             0
             0
             0
             0
             0
             0
             0
             0
             0
             0
             0
             0
             0
             0
             0
             0
             0
             0
             0
             0
             0
             0
             0
             0
             0
             0
             0
             0
             0
             0
             0
             0
             0
             0
             0
             0
             0
             0
             0
             0
             0
             0
             0
      8.822752
             0
             0
             0
             0
  0.0469025001
  0.0469025001
  0.0469025001
             0
             0
             0
             0
             0
             0
             0
   0.826977968
     36.905468
             0
             0
   0.826977968
  0.0469025001
             0
             0
             0
             0
             0
             0
             0
             0
             0
             0
             0
             0
             0
     16.233469
  0.0469025001
             0
             0
   0.436940253
   0.826977968
   0.826977968
  0.0469025001
  0.0469025001
             0
             0
     4.1422987
             0
             0
             0
             0
             0
             0
  0.0469025001
             0
             0
             0
             0
             0
    1.80207241
   0.241921365
  0.0469025001
             0
    2.38712907
    0.63195914
  0.0469025001
             0
             0
             0
  0.0469025001
    1.42178559
    2.05559683
             0
             0
             0
             0
    5.38066864
   0.154162884
   0.154162884
     5.3709178
             0
    3.50848746
    10.3243971
    7.40886497
   0.154162884
   0.436940253
             0
             0
             0
             0
   0.154162884
             0
    3.44998193
   0.758721411
    4.12279701
    1.04149878
   0.144411936
    23.2248955
    8.87150669
    14.2735291
    7.23334789
    2.56264591
             0
             0
    1.32427609
   0.436940253
             0
             0
             0
             0
             0
             0
    19.9875832
     19.431778
    13.2009258
    7.05783081
   0.144411936
             0
             0
             0
             0
             0
    4.32756662
    1.33402705
             0
   0.144411936
   0.154162884
    1.36327994
    2.30912137
    21.9475212
    0.46619308
    3.53774023
    1.34377801
    5.35141563
             0
             0
             0
             0
             0
             0
   0.456442118
             0
   0.144411936
             0
             0
             0
             0
             0
             0
             0
   0.446691185
    10.7729406
   0.739219487
    1.62655532
             0
             0
             0
   0.144411936
             0
             0
             0
             0
             0
             0
             0
             0
             0
    3.31346869
    4.54208755
    1.95808744
    17.8618774
   0.456442118
             0
    4.70785379
    5.27340841
             0
             0
             0
             0
             0
             0
             0
             0
             0
             0
             0
    1.93858552
             0
             0
             0
             0
             0
             0
    1.03174782
    3.75226116
    2.54314399
    11.3774986
    3.13795161
   0.758721411
             0
             0
             0
             0
             0
             0
    1.08050251
    1.64605725
    5.52693272
    7.49662352
     2.2798686
    4.07404232
             0
             0
             0
             0
             0
     6.1119895
             0
             0
             0
             0
             0
             0
             0
             0
             0
             0
             0
             0
             0
             0
             0
   0.144411936
    1.94833648
    7.04807997
    5.54643488
             0
    1.96783841
             0
    1.06100059
   0.154162884
             0
  0.0469025001
             0
             0
             0
             0
             0
             0
             0
             0
             0
             0
             0
    2.81617045
             0
             0
             0
             0
             0
   0.241921365
    3.84001946
  0.0469025001
             0
   0.456442118
             0
             0
  0.0566534437
    1.05124974
             0
             0
             0
    0.83672893
   0.856230795
             0
             0
             0
             0
             0
   0.251672328
    1.84107614
    3.58649492
             0
   0.641710043
             0
             0
             0
             0
             0
             0
             0
             0
             0
             0
             0
             0
             0
             0
             0
             0
             0
             0
             0
             0
             0
             0
             0
             0
             0
             0
             0
             0
             0
             0
             0
             0
             0
             0
             0
             0
             0
             0
             0
             0
             0
             0
             0
             0
             0
             0
             0
             0
             0
             0
             0
             0
  0.0469025001
    4.87361956
             0
             0
             0
             0
             0
             0
             0
             0
             0
             0
             0
             0
             0
             0
             0
             0
             0
             0
    7.93541574
     2.0360949
             0
             0
             0
  0.0566534437
             0
             0
             0
             0
             0
    2.41638184
  0.0469025001
             0
   0.251672328
             0
             0
             0
             0
             0
             0
             0
             0
             0
             0
             0
             0
    1.03174782
             0
    1.86057806
             0
             0
             0
             0
             0
             0
             0
             0
             0
             0
             0
             0
             0
             0
             0
             0
             0
             0
             0
             0
             0
             0
             0
             0
             0
             0
             0
             0
             0
             0
             0
             0
             0
    3.22571015
    8.60823059
     1.2755214
    4.50308371
    1.67531013
  0.0469025001
  0.0469025001
             0
     1.8508271
    1.03174782
    5.96572542
    15.0243521
             0
   0.251672328
  0.0469025001
             0
   0.241921365
     9.3785553
   0.436940253
   0.251672328
  0.0469025001
             0
    2.28961945
    5.71220064
  0.0469025001
             0
             0
    9.12503147
    0.63195914
    1.24626851
   0.241921365
             0
             0
  0.0469025001
  0.0469025001
  0.0469025001
  0.0469025001
  0.0469025001
  0.0469025001
             0
    2.70891023
  0.0469025001
             0
             0
  0.0469025001
             0
   0.241921365
             0
    3.05019307
             0
   0.661211967
    2.32862329
    3.75226116
  0.0566534437
    1.73381579
  0.0566534437
             0
  0.0469025001
  0.0566534437
             0
  0.0469025001
             0
  0.0566534437
             0
  0.0469025001
             0
  0.0469025001
             0
  0.0469025001
  0.0469025001
    0.26142326
    1.46078932
   0.241921365
             0
   0.241921365
             0
   0.251672328
             0
             0
             0
             0
   0.436940253
             0
  0.0469025001
     2.0360949
   0.241921365
  0.0469025001
             0
             0
  0.0469025001
  0.0469025001
             0
             0
  0.0469025001
  0.0469025001
   0.456442118
             0
  0.0469025001
             0
             0
             0
    3.44998193
             0
             0
             0
             0
  0.0469025001
  0.0469025001
             0
             0
             0
             0
             0
             0
             0
  0.0469025001
             0
             0
             0
  0.0469025001
             0
             0
             0
             0
             0
             0
             0
             0
             0
             0
  0.0469025001
  0.0469025001
    1.03174782
   0.661211967
  0.0469025001
             0
             0
             0
  0.0469025001
             0
             0
             0
             0
             0
             0
             0
   0.865981758
  0.0566534437
             0
  0.0469025001
             0
             0
             0
             0
             0
             0
             0
             0
             0
             0
             0
   0.651461005
    5.65369511
             0
    2.27011776
    3.45973277
     12.138073
    4.08379316
  0.0469025001
   0.446691185
     1.7045629
   0.661211967
    1.46078932
  0.0566534437
    4.34706879
   0.475944012
             0
             0
    1.49979305
    1.29502332
     2.2798686
  0.0566534437
             0
  0.0566534437
             0
     11.621273
    4.02528763
    4.92237425
      9.456563
    4.64934778
    0.26142326
   0.651461005
  0.0469025001
    10.5486689
    4.07404232
    3.62549877
  0.0469025001
   0.856230795
    8.69598961
             0
             0
             0
             0
             0
             0
             0
             0
             0
     2.6601553
    1.06100059
    6.58978558
             0
   0.251672328
             0
             0
             0
             0
             0
             0
             0
             0
             0
             0
    5.85846472
  0.0469025001
             0
             0
             0
  0.0469025001
             0
             0
             0
             0
             0
             0
             0
             0
             0
             0
             0
             0
  0.0566534437
             0
             0
             0
             0
             0
             0
             0
             0
             0
             0
             0
             0
             0
             0
             0
             0
             0
             0
             0
             0
             0
             0
             0
             0
             0
             0
             0
             0
             0
             0
             0
             0
             0
             0
   0.661211967
    6.21924973
    6.23875189
             0
             0
             0
             0
             0
             0
             0
             0
             0
             0
             0
             0
             0
             0
             0
             0
             0
             0
    5.49768019
             0
             0
             0
             0
             0
             0
             0
             0
             0
             0
             0
             0
             0
             0
             0
             0
             0
             0
             0
  0.0566534437
             0
             0
             0
    30.1285629
  0.0469025001
             0
             0
             0
             0
             0
             0
             0
             0
             0
             0
             0
             0
             0
    4.16180086
             0
    17.5108433
   0.251672328
             0
   0.251672328
             0
             0
             0
             0
             0
             0
             0
             0
             0
             0
             0
   0.251672328
    4.03503847
             0
  0.0469025001
    2.66990638
             0
             0
    20.6213932
     30.245575
   0.826977968
  0.0469025001
             0
             0
  0.0469025001
    2.05559683
    4.40557432
    14.3905411
  0.0566534437
             0
             0
     14.185771
             0
     1.2755214
    1.04149878
    2.24086475
     6.3655138
             0
  0.0469025001
    1.06100059
    7.79890251
  0.0469025001
    1.86057806
   0.251672328
             0
  0.0469025001
  0.0469025001
   0.446691185
    2.41638184
    1.82157421
   0.251672328
             0
             0
   0.456442118
  0.0469025001
  0.0469025001
     4.5810914
    13.0936651
   0.446691185
  0.0469025001
  0.0469025001
  0.0469025001
    3.17695546
  0.0469025001
             0
             0
   0.456442118
  0.0566534437
   0.241921365
   0.241921365
   0.241921365
             0
  0.0469025001
             0
  0.0469025001
    1.66555917
    20.8944206
    1.67531013
    2.30912137
             0
    1.03174782
   0.446691185
    1.28527236
    1.46078932
             0
             0
  0.0469025001
    3.48898554
  0.0469025001
  0.0469025001
  0.0469025001
    1.48029125
  0.0469025001
    2.46513653
             0
  0.0469025001
  0.0469025001
  0.0469025001
  0.0469025001
  0.0469025001
  0.0469025001
             0
    1.23651767
  0.0469025001
    1.03174782
    5.80971003
  0.0469025001
  0.0469025001
  0.0469025001
    2.30912137
     1.8703289
    7.65263844
    15.9214392
    2.67965722
    0.26142326
    11.2604876
    2.26036668
             0
    2.78691769
  0.0469025001
    5.53668356
             0
  0.0469025001
  0.0469025001
  0.0469025001
    6.00472927
  0.0566534437
             0
  0.0469025001
  0.0469025001
  0.0566534437
  0.0469025001
             0
  0.0469025001
    5.27340841
             0
             0
             0
  0.0469025001
             0
  0.0469025001
    4.01553679
             0
    1.02199686
             0
    9.07627678
    4.86386871
    0.26142326
             0
  0.0469025001
             0
     5.2929101
             0
             0
  0.0469025001
             0
             0
    1.25601947
     4.9613781
    7.37961197
    9.68083477
    7.83790636
    6.56053305
    2.13360453
    1.28527236
             0
             0
  0.0469025001
    3.22571015
    15.7459221
             0
    6.35576296
  0.0566534437
             0
     7.5161252
    0.26142326
    1.47054029
    7.21384621
     18.134903
   0.456442118
    1.47054029
     20.787159
             0
    10.5291672
    4.82486486
    2.27011776
    1.45103836
    9.32005024
             0
             0
    1.66555917
             0
    0.67096287
    0.26142326
    8.45221615
             0
             0
             0
  0.0469025001
             0
  0.0469025001
             0
             0
             0
             0
             0
             0
             0
             0
    7.09683466
    0.26142326
  0.0566534437
    3.12820077
    4.04478931
  0.0469025001
             0
             0
             0
             0
             0
  0.0469025001
             0
    5.39041948
  0.0469025001
             0
             0
  0.0469025001
             0
    6.47277451
    4.08379316
    5.14664602
  0.0566534437
  0.0566534437
             0
             0
             0
             0
             0
             0
             0
             0
             0
    1.89958179
             0
             0
             0
             0
             0
             0
             0
   0.846479893
    1.22676671
             0
             0
             0
             0
             0
             0
             0
             0
             0
    3.03069115
    6.38501596
  0.0469025001
             0
             0
             0
             0
             0
             0
             0
  0.0469025001
             0
             0
             0
             0
             0
             0
             0
             0
             0
             0
             0
             0
             0
    2.64065361
  0.0469025001
             0
    14.3222837
             0
             0
             0
             0
             0
             0
             0
             0
             0
             0
             0
             0
             0
   0.661211967
  0.0469025001
             0
             0
             0
             0
             0
             0
             0
             0
             0
             0
             0
             0
             0
             0
             0
             0
             0
             0
             0
             0
             0
             0
             0
             0
             0
             0
             0
             0
             0
             0
             0
             0
             0
             0
             0
             0
             0
     30.304081
  0.0469025001
    5.65369511
             0
             0
             0
             0
             0
             0
             0
             0
             0
             0
             0
             0
             0
             0
             0
             0
             0
             0
             0
     39.070179
     18.944231
    1.46078932
   0.651461005
    1.77363873
             0
             0
             0
             0
             0
             0
             0
             0
    1.05562425
             0
             0
             0
             0
             0
             0
    6.26122904
             0
             0
             0
             0
             0
             0
     20.980526
             0
             0
             0
             0
             0
             0
             0
             0
             0
             0
             0
             0
             0
             0
             0
             0
             0
             0
             0
             0
             0
             0
             0
             0
             0
             0
    8.41527271
             0
             0
             0
             0
             0
             0
             0
             0
             0
             0
             0
             0
             0
             0
             0
             0
             0
             0
             0
             0
             0
             0
             0
             0
             0
             0
             0
             0
             0
             0
             0
             0
             0
             0
             0
             0
             0
             0
             0
    3.38917136
             0
             0
             0
             0
             0
             0
    6.44073248
             0
             0
             0
             0
             0
             0
             0
             0
             0
             0
             0
             0
             0
             0
             0
     2.4916532
    1.23512793
             0
             0
             0
             0
             0
             0
             0
             0
             0
             0
             0
             0
             0
             0
    9.67179775
   0.158106223
             0
             0
   0.158106223
    2.85066032
             0
             0
             0
             0
             0
             0
             0
             0
    3.92768216
     5.5432148
             0
             0
             0
             0
   0.696617067
             0
             0
    1.05562425
    6.97924376
             0
             0
    3.74817848
    5.72271824
             0
             0
    2.13264608
             0
             0
             0
             0
             0
             0
             0
             0
             0
             0
             0
             0
             0
             0
             0
             0
             0
             0
             0
             0
     6.0817256
    1.05562425
             0
             0
             0
     3.5686748
             0
             0
    1.05562425
    8.77427959
             0
             0
             0
             0
             0
    10.3898125
             0
   0.337609828
             0
             0
             0
             0
             0
             0
             0
             0
             0
             0
             0
             0
             0
             0
             0
   0.517113447
   0.876120687
   0.876120687
     1.9531424
             0
             0
             0
             0
             0
             0
             0
             0
             0
             0
             0
    1.41463149
             0
             0
             0
    9.85130119
             0
             0
    4.28668928
    2.31214952
             0
    9.13328648
    1.05562425
             0
    6.97924376
    4.10718584
             0
             0
    4.46619272
             0
   0.696617067
    3.20966768
    1.05562425
             0
             0
             0
    4.82520008
             0
             0
             0
             0
             0
             0
             0
             0
             0
             0
             0
             0
             0
             0
             0
             0
             0
             0
             0
             0
    4.28668928
             0
    1.41463149
   0.337609828
             0
             0
             0
             0
             0
             0
             0
             0
             0
             0
             0
             0
             0
             0
             0
             0
             0
             0
             0
             0
             0
             0
             0
             0
             0
             0
             0
             0
             0
             0
             0
             0
             0
             0
    1.77363873
    2.85066032
             0
             0
             0
    3.20966768
    2.67115688
    2.67115688
             0
             0
             0
             0
             0
             0
             0
             0
             0
             0
             0
             0
             0
     1.9531424
             0
             0
             0
             0
             0
             0
             0
             0
             0
             0
    4.64569664
             0
             0
             0
             0
             0
             0
             0
             0
             0
             0
             0
   0.158106223
      5.004704
             0
             0
             0
             0
             0
             0
             0
             0
             0
             0
             0
             0
   0.696617067
             0
    3.74817848
    1.41463149
             0
             0
             0
             0
   0.337609828
             0
             0
             0
             0
             0
             0
             0
             0
             0
             0
             0
             0
             0
             0
             0
             0
             0
             0
             0
             0
             0
             0
             0
             0
             0
             0
             0
             0
             0
             0
             0
             0
             0
             0
             0
             0
             0
     3.5686748
             0
             0
             0
             0
             0
             0
             0
             0
             0
    2.04289412
             0
             0
             0
             0
             0
             0
             0
             0
             0
             0
             0
             0
             0
    5.18420744
     12.696434
             0
             0
             0
             0
             0
             0
             0
             0
             0
             0
             0
             0
             0
             0
             0
             0
             0
             0
             0
             0
             0
             0
             0
             0
    1.05562425
             0
             0
             0
             0
             0
             0
             0
             0
             0
             0
             0
             0
             0
             0
             0
             0
             0
             0
    2.67115688
             0
    3.60457563
             0
             0
             0
             0
    1.20820236
    15.0210056
    35.9690781
    10.9193478
             0
             0
             0
             0
             0
             0
    8.77427959
             0
             0
    2.31214952
    1.41463149
    14.6260977
    6.40483189
     3.2994194
             0
             0
             0
             0
             0
             0
             0
             0
             0
    1.87236571
             0
             0
             0
             0
             0
             0
             0
             0
             0
             0
             0
    1.86339056
    2.07879496
    7.03309441
     4.7085228
    21.6446896
             0
             0
   0.256833196
   0.355560184
             0
   0.786368847
    1.23512793
   0.526088655
             0
             0
             0
             0
             0
             0
    2.69808245
             0
             0
             0
             0
             0
             0
             0
             0
   0.337609828
   0.337609828
             0
    2.13264608
             0
             0
             0
             0
   0.158106223
             0
             0
             0
             0
             0
             0
             0
             0
             0
             0
             0
             0
             0
             0
             0
             0
             0
             0
             0
             0
             0
    1.05562425
             0
             0
             0
             0
             0
             0
             0
             0
             0
             0
             0
             0
             0
             0
             0
             0
             0
             0
             0
             0
             0
             0
             0
    3.59560037
    5.82144499
   0.553014159
             0
             0
             0
             0
             0
             0
             0
             0
    1.50438333
             0
   0.938946962
    6.53048468
             0
             0
   0.597890079
    2.27624893
  0.0324536897
             0
             0
             0
             0
    14.1145124
             0
             0
             0
             0
             0
    3.52379894
             0
             0
             0
             0
             0
             0
             0
     1.5672096
             0
             0
             0
             0
             0
    5.71374321
    8.06524086
             0
             0
             0
    7.26644945
    16.4929352
    2.90451145
             0
             0
    6.72793865
             0
    1.62106073
             0
             0
   0.768418491
             0
             0
             0
             0
             0
             0
             0
             0
   0.696617067
             0
    3.22761798
    6.70101309
    10.3449364
             0
             0
             0
             0
    2.47370291
    8.67555237
             0
             0
             0
             0
             0
             0
             0
             0
             0
             0
             0
             0
     1.9531424
   0.696617067
    7.06001997
    1.28897893
    7.46390343
             0
             0
    4.92392731
             0
   0.867145479
             0
             0
             0
             0
             0
             0
             0
             0
             0
             0
             0
             0
             0
             0
             0
             0
             0
             0
             0
             0
             0
             0
             0
    9.13328648
    1.90826643
     14.356842
    6.51253414
    2.96733785
    2.73398304
             0
             0
             0
             0
             0
             0
             0
             0
             0
             0
     4.9149518
             0
    10.6680431
             0
             0
             0
             0
             0
             0
             0
             0
             0
             0
             0
             0
             0
             0
             0
             0
             0
             0
             0
             0
             0
             0
             0
             0
             0
             0
             0
             0
             0
             0
             0
             0
             0
             0
             0
             0
             0
             0
             0
             0
             0
             0
             0
             0
             0
             0
             0
             0
             0
             0
             0
             0
             0
             0
             0
             0
             0
             0
             0
             0
             0
             0
             0
             0
             0
     7.1587472
             0
             0
             0
             0
             0
             0
             0
             0
             0
             0
             0
             0
             0
             0
             0
     33.007267
             0
             0
             0
             0
             0
             0
             0
             0
             0
             0
             0
             0
             0
             0
             0
             0
             0
    13.9798841
             0
             0
             0
             0
             0
             0
             0
             0
             0
             0
    2.85066032
             0
             0
             0
             0
             0
             0
             0
             0
             0
             0
             0
             0
   0.696617067
             0
             0
             0
    1.23512793
             0
             0
             0
             0
             0
             0
   0.346585006
   0.929971755
             0
             0
             0
             0
    3.99050832
             0
             0
    3.98153329
             0
    2.26727366
    8.54092503
    5.85734606
             0
             0
             0
             0
             0
             0
             0
             0
    2.21342254
             0
    2.83271003
             0
             0
    20.4150887
    7.20362282
    12.1758728
    5.69579268
    1.39668119
             0
             0
   0.256833196
             0
             0
             0
             0
             0
             0
             0
    17.4353294
    16.9237442
    11.1886034
    5.53423929
             0
             0
             0
             0
             0
             0
    3.02118874
   0.265808403
             0
             0
             0
   0.292733938
     1.1633265
    19.2393398
             0
    2.29419923
   0.274783581
    3.96358275
             0
             0
             0
             0
             0
             0
             0
             0
             0
             0
             0
             0
             0
             0
             0
             0
             0
    8.95378304
             0
   0.535063803
             0
             0
             0
             0
             0
             0
             0
             0
             0
             0
             0
             0
             0
    2.08776999
    3.21864271
   0.840219975
    15.4787397
             0
             0
    3.37122083
    3.89178133
             0
             0
             0
             0
             0
             0
             0
             0
             0
             0
             0
   0.822269619
             0
             0
             0
             0
             0
             0
             0
     2.4916532
    1.37873077
    9.51024437
    1.92621684
             0
             0
             0
             0
             0
             0
             0
  0.0324536897
   0.553014159
     4.1251359
    5.93812275
    1.13640094
    2.78783417
             0
             0
             0
             0
             0
     4.6636467
             0
             0
             0
             0
             0
             0
             0
             0
             0
             0
             0
             0
             0
             0
             0
             0
   0.831244767
    5.52526426
    4.14308643
             0
   0.849195123
             0
    0.01450333
             0
             0
             0
             0
             0
             0
             0
             0
             0
             0
             0
             0
             0
             0
    1.63003588
             0
             0
             0
             0
             0
             0
     2.5724299
             0
             0
             0
             0
             0
             0
 0.00552814966
             0
             0
             0
             0
             0
             0
             0
             0
             0
             0
             0
   0.732517779
    2.33907509
             0
             0
             0
             0
             0
             0
             0
             0
             0
             0
             0
             0
             0
             0
             0
             0
             0
             0
             0
             0
             0
             0
             0
             0
             0
             0
             0
             0
             0
             0
             0
             0
             0
             0
             0
             0
             0
             0
             0
             0
             0
             0
             0
             0
             0
             0
             0
             0
             0
             0
             0
             0
             0
             0
             0
    3.52379894
             0
             0
             0
             0
             0
             0
             0
             0
             0
             0
             0
             0
             0
             0
             0
             0
             0
             0
    6.34200573
   0.912021399
             0
             0
             0
             0
             0
             0
             0
             0
             0
    1.26205349
             0
             0
             0
             0
             0
             0
             0
             0
             0
             0
             0
             0
             0
             0
             0
             0
             0
   0.750468135
             0
             0
             0
             0
             0
             0
             0
             0
             0
             0
             0
             0
             0
             0
             0
             0
             0
             0
             0
             0
             0
             0
             0
             0
             0
             0
             0
             0
             0
             0
             0
             0
             0
    2.00699353
    6.96129322
   0.211957306
    3.18274212
   0.579939723
             0
             0
             0
   0.741492987
             0
    4.52901936
    12.8669624
             0
             0
             0
             0
             0
    7.67033243
             0
             0
             0
             0
    1.14537609
    4.29566431
             0
             0
             0
    7.43697786
             0
   0.185031757
             0
             0
             0
             0
             0
             0
             0
             0
             0
             0
    1.53130889
             0
             0
             0
             0
             0
             0
             0
    1.84544015
             0
             0
     1.1812768
     2.4916532
             0
   0.633790791
             0
             0
             0
             0
             0
             0
             0
             0
             0
             0
             0
             0
             0
             0
             0
             0
   0.382485747
             0
             0
             0
             0
             0
             0
             0
             0
             0
             0
             0
             0
   0.912021399
             0
             0
             0
             0
             0
             0
             0
             0
             0
             0
             0
             0
             0
             0
             0
             0
    2.21342254
             0
             0
             0
             0
             0
             0
             0
             0
             0
             0
             0
             0
             0
             0
             0
             0
             0
             0
             0
             0
             0
             0
             0
             0
             0
             0
             0
             0
             0
             0
             0
             0
             0
             0
             0
             0
             0
             0
             0
             0
             0
             0
             0
             0
             0
             0
             0
             0
             0
             0
             0
             0
             0
             0
             0
             0
             0
             0
             0
             0
    4.24181318
             0
    1.12742567
     2.2223978
     10.210309
    2.79680943
             0
             0
   0.606865227
             0
   0.382485747
             0
    3.03913927
             0
             0
             0
   0.418386459
   0.229907662
    1.13640094
             0
             0
             0
             0
    9.73462391
    2.74295831
     3.5686748
    7.74213409
    3.31736994
             0
             0
             0
    8.74735451
    2.78783417
    2.37497592
             0
             0
    7.04206991
             0
             0
             0
             0
             0
             0
             0
             0
             0
    1.48643291
    0.01450333
    5.10343075
             0
             0
             0
             0
             0
             0
             0
             0
             0
             0
             0
             0
    4.43029213
             0
             0
             0
             0
             0
             0
             0
             0
             0
             0
             0
             0
             0
             0
             0
             0
             0
             0
             0
             0
             0
             0
             0
             0
             0
             0
             0
             0
             0
             0
             0
             0
             0
             0
             0
             0
             0
             0
             0
             0
             0
             0
             0
             0
             0
             0
             0
             0
             0
             0
             0
             0
             0
    4.76237392
    4.78032446
             0
             0
             0
             0
             0
             0
             0
             0
             0
             0
             0
             0
             0
             0
             0
             0
             0
             0
    4.09821033
             0
             0
             0
             0
             0
             0
             0
             0
             0
             0
             0
             0
             0
             0
             0
             0
             0
             0
             0
             0
             0
             0
             0
     26.769516
             0
             0
             0
             0
             0
             0
             0
             0
             0
             0
             0
             0
             0
             0
    2.86861086
             0
     15.155633
             0
             0
             0
             0
             0
             0
             0
             0
             0
             0
             0
             0
             0
             0
             0
    2.75193334
             0
             0
    1.49540818
             0
             0
    18.0187149
    26.8772182
             0
             0
             0
             0
             0
   0.929971755
     3.0929904
    12.2835751
             0
             0
             0
    12.0950966
             0
   0.211957306
             0
    1.10050023
    4.89700174
             0
             0
    0.01450333
    6.21635294
             0
   0.750468135
             0
             0
             0
             0
             0
    1.26205349
   0.714567423
             0
             0
             0
             0
             0
             0
    3.25454354
    11.0898762
             0
             0
             0
             0
    1.96211755
             0
             0
             0
             0
             0
             0
             0
             0
             0
             0
             0
             0
   0.570964515
    18.2700214
   0.579939723
     1.1633265
             0
             0
             0
   0.220932484
   0.382485747
             0
             0
             0
    2.24932337
             0
             0
             0
   0.400436103
             0
    1.30692935
             0
             0
             0
             0
             0
             0
             0
             0
   0.176056579
             0
             0
    4.38541651
             0
             0
             0
     1.1633265
   0.759443343
     6.0817256
    13.6926785
    1.50438333
             0
    9.40254211
    1.11845052
             0
    1.60311031
             0
     4.1341114
             0
             0
             0
             0
    4.56491995
             0
             0
             0
             0
             0
             0
             0
             0
    3.89178133
             0
             0
             0
             0
             0
             0
    2.73398304
             0
             0
             0
    7.39210176
    3.51482368
             0
             0
             0
             0
    3.90973163
             0
             0
             0
             0
             0
    0.19400695
    3.60457563
    5.83042049
     7.9485631
    6.25225401
    5.07650518
    1.00177324
   0.220932484
             0
             0
             0
    2.00699353
    13.5311251
             0
    4.88802624
             0
             0
    5.95607281
             0
   0.391460925
    5.67784214
    15.7300444
             0
   0.391460925
    18.1712933
             0
     8.7294035
    3.47892308
    1.12742567
   0.373510569
     7.6164813
             0
             0
   0.570964515
             0
             0
             0
    6.81769037
             0
             0
             0
             0
             0
             0
             0
             0
             0
             0
             0
             0
             0
             0
    5.57014036
             0
             0
    1.91724157
     2.7609086
             0
             0
             0
             0
             0
             0
             0
             0
    3.99948359
             0
             0
             0
             0
             0
    4.99572849
    2.79680943
    3.77510405
             0
             0
             0
             0
             0
             0
             0
             0
             0
             0
             0
   0.786368847
             0
             0
             0
             0
             0
             0
             0
             0
   0.167081401
             0
             0
             0
             0
             0
             0
             0
             0
             0
    1.82748985
     4.9149518
             0
             0
             0
             0
             0
             0
             0
             0
             0
             0
             0
             0
             0
             0
             0
             0
             0
             0
             0
             0
             0
             0
    1.46848261
             0
             0
    12.2207489
             0
             0
             0
             0
             0
             0
             0
             0
             0
             0
             0
             0
             0
             0
             0
             0
             0
             0
             0
             0
             0
             0
             0
             0
             0
             0
             0
             0
             0
             0
             0
             0
             0
             0
             0
             0
             0
             0
             0
             0
             0
             0
             0
             0
             0
             0
             0
             0
             0
             0
             0
             0
    26.9310703
             0
    4.24181318
             0
             0
             0
             0
             0
             0
             0
             0
             0
             0
             0
             0
             0
             0
             0
             0
             0
             0
             0
    34.9997559
    16.4749851
   0.382485747
             0
    1.17321432
             0
             0
             0
             0
             0
             0
             0
             0
   0.470017821
             0
             0
             0
             0
             0
             0
    5.56819296
             0
             0
             0
             0
             0
             0
    19.9837227
             0
             0
             0
             0
             0
             0
             0
             0
             0
             0
             0
             0
             0
             0
             0
             0
             0
             0
             0
             0
             0
             0
             0
             0
             0
             0
    7.67778254
             0
             0
             0
             0
             0
             0
             0
             0
             0
             0
             0
             0
             0
             0
             0
             0
             0
             0
             0
             0
             0
             0
             0
             0
             0
             0
             0
             0
             0
             0
             0
             0
             0
             0
             0
             0
             0
             0
             0
    2.75540662
             0
             0
             0
             0
             0
             0
    5.74399185
             0
             0
             0
             0
             0
             0
             0
             0
             0
             0
             0
             0
             0
             0
             0
    1.87641096
   0.645816922
             0
             0
             0
             0
             0
             0
             0
             0
             0
             0
             0
             0
             0
             0
    8.90837669
             0
             0
             0
             0
    2.22800922
             0
             0
             0
             0
             0
             0
             0
             0
    3.28280401
    4.86499643
             0
             0
             0
             0
   0.118419535
             0
             0
   0.470017821
    6.27138948
             0
             0
    3.10700488
    5.04079533
             0
             0
     1.5248127
             0
             0
             0
             0
             0
             0
             0
             0
             0
             0
             0
             0
             0
             0
             0
             0
             0
             0
             0
             0
    5.39239359
   0.470017821
             0
             0
             0
    2.93120575
             0
             0
   0.470017821
     8.0293808
             0
             0
             0
             0
             0
    9.61157322
             0
             0
             0
             0
             0
             0
             0
             0
             0
             0
             0
             0
             0
             0
             0
             0
             0
             0
   0.294218689
   0.294218689
    1.34901345
             0
             0
             0
             0
             0
             0
             0
             0
             0
             0
             0
   0.821616113
             0
             0
             0
    9.08417511
             0
             0
    3.63440228
    1.70061171
             0
    8.38097858
   0.470017821
             0
    6.27138948
    3.45860314
             0
             0
    3.81020141
             0
   0.118419535
    2.57960749
   0.470017821
             0
             0
             0
    4.16179991
             0
             0
             0
             0
             0
             0
             0
             0
             0
             0
             0
             0
             0
             0
             0
             0
             0
             0
             0
             0
    3.63440228
             0
   0.821616113
             0
             0
             0
             0
             0
             0
             0
             0
             0
             0
             0
             0
             0
             0
             0
             0
             0
             0
             0
             0
             0
             0
             0
             0
             0
             0
             0
             0
             0
             0
             0
             0
             0
             0
             0
    1.17321432
    2.22800922
             0
             0
             0
    2.57960749
    2.05221009
    2.05221009
             0
             0
             0
             0
             0
             0
             0
             0
             0
             0
             0
             0
             0
    1.34901345
             0
             0
             0
             0
             0
             0
             0
             0
             0
             0
    3.98600054
             0
             0
             0
             0
             0
             0
             0
             0
             0
             0
             0
             0
     4.3375988
             0
             0
             0
             0
             0
             0
             0
             0
             0
             0
             0
             0
   0.118419535
             0
    3.10700488
   0.821616113
             0
             0
             0
             0
             0
             0
             0
             0
             0
             0
             0
             0
             0
             0
             0
             0
             0
             0
             0
             0
             0
             0
             0
             0
             0
             0
             0
             0
             0
             0
             0
             0
             0
             0
             0
             0
             0
             0
             0
             0
             0
             0
    2.93120575
             0
             0
             0
             0
             0
             0
             0
             0
             0
    1.43691301
             0
             0
             0
             0
             0
             0
             0
             0
             0
             0
             0
             0
             0
    4.51339817
    11.8705921
             0
             0
             0
             0
             0
             0
             0
             0
             0
             0
             0
             0
             0
             0
             0
             0
             0
             0
             0
             0
             0
             0
             0
             0
   0.470017821
             0
             0
             0
             0
             0
             0
             0
             0
             0
             0
             0
             0
             0
             0
             0
             0
             0
             0
    2.05221009
             0
    2.96636558
             0
             0
             0
             0
   0.619447052
     14.147191
    34.6629486
    10.1301804
             0
             0
             0
             0
             0
             0
     8.0293808
             0
             0
    1.70061171
   0.821616113
    13.7604322
    5.70883226
    2.66750693
             0
             0
             0
             0
             0
             0
             0
             0
             0
     1.2699039
             0
             0
             0
             0
             0
             0
             0
             0
             0
             0
             0
    1.26111388
    1.47207296
     6.3241291
    4.04753017
    20.6341782
             0
             0
             0
             0
             0
   0.206319109
   0.645816922
             0
             0
             0
             0
             0
             0
             0
     2.0785799
             0
             0
             0
             0
             0
             0
             0
             0
             0
             0
             0
     1.5248127
             0
             0
             0
             0
             0
             0
             0
             0
             0
             0
             0
             0
             0
             0
             0
             0
             0
             0
             0
             0
             0
             0
             0
             0
             0
             0
   0.470017821
             0
             0
             0
             0
             0
             0
             0
             0
             0
             0
             0
             0
             0
             0
             0
             0
             0
             0
             0
             0
             0
             0
             0
    2.95757556
    5.13748503
             0
             0
             0
             0
             0
             0
             0
             0
             0
   0.909515679
             0
   0.355748385
    5.83189154
             0
             0
  0.0217300132
      1.665452
             0
             0
             0
             0
             0
    13.2594051
             0
             0
             0
             0
             0
    2.88725591
             0
             0
             0
             0
             0
             0
             0
   0.971045375
             0
             0
             0
             0
             0
    5.03200531
    7.33497429
             0
             0
             0
    6.55266809
    15.5887432
    2.28074884
             0
             0
    6.02527046
             0
    1.02378511
             0
             0
   0.188739195
             0
             0
             0
             0
             0
             0
             0
             0
   0.118419535
             0
    2.59718728
    5.99890089
    9.56762314
             0
             0
             0
             0
    1.85883105
     7.9326911
             0
             0
             0
             0
             0
             0
             0
             0
             0
             0
             0
             0
    1.34901345
   0.118419535
    6.35049915
   0.698556721
    6.74604702
             0
             0
    4.25848913
             0
   0.285428733
             0
             0
             0
             0
             0
             0
             0
             0
             0
             0
             0
             0
             0
             0
             0
             0
             0
             0
             0
             0
             0
             0
             0
    8.38097858
    1.30506372
    13.4967337
     5.8143115
    2.34227872
    2.11373973
             0
             0
             0
             0
             0
             0
             0
             0
             0
             0
    4.24969912
             0
    9.88406181
             0
             0
             0
             0
             0
             0
             0
             0
             0
             0
             0
             0
             0
             0
             0
             0
             0
             0
             0
             0
             0
             0
             0
             0
             0
             0
             0
             0
             0
             0
             0
             0
             0
             0
             0
             0
             0
             0
             0
             0
             0
             0
             0
             0
             0
             0
             0
             0
             0
             0
             0
             0
             0
             0
             0
             0
             0
             0
             0
             0
             0
             0
             0
             0
             0
    6.44718838
             0
             0
             0
             0
             0
             0
             0
             0
             0
             0
             0
             0
             0
             0
             0
    31.7622643
             0
             0
             0
             0
             0
             0
             0
             0
             0
             0
             0
             0
             0
             0
             0
             0
             0
    13.1275558
             0
             0
             0
             0
             0
             0
             0
             0
             0
             0
    2.22800922
             0
             0
             0
             0
             0
             0
             0
             0
             0
             0
             0
             0
   0.118419535
             0
             0
             0
   0.645816922
             0
             0
             0
             0
             0
             0
             0
   0.346958429
             0
             0
             0
             0
    3.34433365
             0
             0
    3.33554363
             0
    1.65666199
    7.80084181
    5.17264462
             0
             0
             0
             0
             0
             0
             0
             0
    1.60392225
             0
    2.21042919
             0
             0
    19.4299545
    6.49113846
     11.360774
    5.01442528
     0.8040362
             0
             0
             0
             0
             0
             0
             0
             0
             0
             0
    16.5116882
    16.0106621
    10.3938789
    4.85620642
             0
             0
             0
             0
             0
             0
    2.39501834
             0
             0
             0
             0
             0
    0.57549727
     18.278471
             0
    1.68303192
             0
    3.31796384
             0
             0
             0
             0
             0
             0
             0
             0
             0
             0
             0
             0
             0
             0
             0
             0
             0
    8.20518017
             0
             0
             0
             0
             0
             0
             0
             0
             0
             0
             0
             0
             0
             0
             0
    1.48086286
     2.5883975
   0.259058863
    14.5954781
             0
             0
    2.73782659
    3.24764419
             0
             0
             0
             0
             0
             0
             0
             0
             0
             0
             0
   0.241478935
             0
             0
             0
             0
             0
             0
             0
    1.87641096
   0.786456287
    8.75015736
    1.32264364
             0
             0
             0
             0
             0
             0
             0
             0
             0
    3.47618318
    5.25175428
     0.5491274
    2.16647959
             0
             0
             0
             0
             0
    4.00358057
             0
             0
             0
             0
             0
             0
             0
             0
             0
             0
             0
             0
             0
             0
             0
             0
   0.250268906
     4.8474164
    3.49376297
             0
   0.267848819
             0
             0
             0
             0
             0
             0
             0
             0
             0
             0
             0
             0
             0
             0
             0
             0
    1.03257501
             0
             0
             0
             0
             0
             0
    1.95552051
             0
             0
             0
             0
             0
             0
             0
             0
             0
             0
             0
             0
             0
             0
             0
             0
             0
             0
   0.153579369
    1.72698164
             0
             0
             0
             0
             0
             0
             0
             0
             0
             0
             0
             0
             0
             0
             0
             0
             0
             0
             0
             0
             0
             0
             0
             0
             0
             0
             0
             0
             0
             0
             0
             0
             0
             0
             0
             0
             0
             0
             0
             0
             0
             0
             0
             0
             0
             0
             0
             0
             0
             0
             0
             0
             0
             0
             0
    2.88725591
             0
             0
             0
             0
             0
             0
             0
             0
             0
             0
             0
             0
             0
             0
             0
             0
             0
             0
    5.64730263
   0.329378515
             0
             0
             0
             0
             0
             0
             0
             0
             0
   0.672186792
             0
             0
             0
             0
             0
             0
             0
             0
             0
             0
             0
             0
             0
             0
             0
             0
             0
   0.171159282
             0
             0
             0
             0
             0
             0
             0
             0
             0
             0
             0
             0
             0
             0
             0
             0
             0
             0
             0
             0
             0
             0
             0
             0
             0
             0
             0
             0
             0
             0
             0
             0
             0
    1.40175319
    6.25380945
             0
    2.55323768
 0.00415010005
             0
             0
             0
   0.162369326
             0
    3.87173104
    12.0376015
             0
             0
             0
             0
             0
    6.94821596
             0
             0
             0
             0
   0.557917356
    3.64319229
             0
             0
             0
    6.71967697
             0
             0
             0
             0
             0
             0
             0
             0
             0
             0
             0
             0
   0.935885549
             0
             0
             0
             0
             0
             0
             0
    1.24353397
             0
             0
   0.593077183
    1.87641096
             0
  0.0568898395
             0
             0
             0
             0
             0
             0
             0
             0
             0
             0
             0
             0
             0
             0
             0
             0
             0
             0
             0
             0
             0
             0
             0
             0
             0
             0
             0
             0
             0
   0.329378515
             0
             0
             0
             0
             0
             0
             0
             0
             0
             0
             0
             0
             0
             0
             0
             0
    1.60392225
             0
             0
             0
             0
             0
             0
             0
             0
             0
             0
             0
             0
             0
             0
             0
             0
             0
             0
             0
             0
             0
             0
             0
             0
             0
             0
             0
             0
             0
             0
             0
             0
             0
             0
             0
             0
             0
             0
             0
             0
             0
             0
             0
             0
             0
             0
             0
             0
             0
             0
             0
             0
             0
             0
             0
             0
             0
             0
             0
             0
    3.59045243
             0
   0.540337443
    1.61271214
    9.43577385
    2.17526937
             0
             0
  0.0305199698
             0
             0
             0
    2.41259837
             0
             0
             0
             0
             0
     0.5491274
             0
             0
             0
             0
    8.96990585
    2.12252975
    2.93120575
    7.01853561
    2.68508697
             0
             0
             0
    8.00301075
    2.16647959
    1.76214147
             0
             0
    6.33291912
             0
             0
             0
             0
             0
             0
             0
             0
             0
   0.891935766
             0
     4.4342885
             0
             0
             0
             0
             0
             0
             0
             0
             0
             0
             0
             0
    3.77504158
             0
             0
             0
             0
             0
             0
             0
             0
             0
             0
             0
             0
             0
             0
             0
             0
             0
             0
             0
             0
             0
             0
             0
             0
             0
             0
             0
             0
             0
             0
             0
             0
             0
             0
             0
             0
             0
             0
             0
             0
             0
             0
             0
             0
             0
             0
             0
             0
             0
             0
             0
             0
             0
    4.10026979
    4.11784983
             0
             0
             0
             0
             0
             0
             0
             0
             0
             0
             0
             0
             0
             0
             0
             0
             0
             0
    3.44981313
             0
             0
             0
             0
             0
             0
             0
             0
             0
             0
             0
             0
             0
             0
             0
             0
             0
             0
             0
             0
             0
             0
             0
     25.653244
             0
             0
             0
             0
             0
             0
             0
             0
             0
             0
             0
             0
             0
             0
    2.24558902
             0
    14.2790403
             0
             0
             0
             0
             0
             0
             0
             0
             0
             0
             0
             0
             0
             0
             0
    2.13131976
             0
             0
   0.900725722
             0
             0
    17.0830364
    25.7587242
             0
             0
             0
             0
             0
   0.346958429
    2.46533799
    11.4662542
             0
             0
             0
    11.2816648
             0
             0
             0
   0.513967574
    4.23211956
             0
             0
             0
    5.52424288
             0
   0.171159282
             0
             0
             0
             0
             0
   0.672186792
   0.135999456
             0
             0
             0
             0
             0
             0
    2.62355733
    10.2971897
             0
             0
             0
             0
    1.35780346
             0
             0
             0
             0
             0
             0
             0
             0
             0
             0
             0
             0
             0
     17.329155
 0.00415010005
    0.57549727
             0
             0
             0
             0
             0
             0
             0
             0
    1.63908207
             0
             0
             0
             0
             0
   0.716136634
             0
             0
             0
             0
             0
             0
             0
             0
             0
             0
             0
    3.73109174
             0
             0
             0
    0.57549727
   0.179949239
    5.39239359
    12.8462772
   0.909515679
             0
    8.64467812
   0.531547487
             0
     1.0062052
             0
    3.48497295
             0
             0
             0
             0
    3.90689087
             0
             0
             0
             0
             0
             0
             0
             0
    3.24764419
             0
             0
             0
             0
             0
             0
    2.11373973
             0
             0
             0
    6.67572737
    2.87846589
             0
             0
             0
             0
    3.26522398
             0
             0
             0
             0
             0
             0
    2.96636558
    5.14627504
    7.22070456
    5.55940294
    4.40791845
   0.417278081
             0
             0
             0
             0
    1.40175319
    12.6880579
             0
    4.22332954
             0
             0
    5.26933432
             0
             0
    4.99684572
    14.8415976
             0
             0
    17.2324657
             0
    7.98543072
    2.84330606
   0.540337443
             0
    6.89547634
             0
             0
             0
             0
             0
             0
    6.11317015
             0
             0
             0
             0
             0
             0
             0
             0
             0
             0
             0
             0
             0
             0
      4.891366
             0
             0
    1.31385362
    2.14010954
             0
             0
             0
             0
             0
             0
             0
             0
    3.35312366
             0
             0
             0
             0
             0
    4.32880878
    2.17526937
    3.13337469
             0
             0
             0
             0
             0
             0
             0
             0
             0
             0
             0
   0.206319109
             0
             0
             0
             0
             0
             0
             0
             0
             0
             0
             0
             0
             0
             0
             0
             0
             0
             0
    1.22595406
    4.24969912
             0
             0
             0
             0
             0
             0
             0
             0
             0
             0
             0
             0
             0
             0
             0
             0
             0
             0
             0
             0
             0
             0
   0.874355853
             0
             0
    11.4047241
             0
             0
             0
             0
             0
             0
             0
             0
             0
             0
             0
             0
             0
             0
             0
             0
             0
             0
             0
             0
             0
             0
             0
             0
             0
             0
             0
             0
             0
             0
             0
             0
             0
             0
             0
             0
             0
             0
             0
             0
             0
             0
             0
             0
             0
             0
             0
             0
             0
             0
             0
             0
    25.8114643
             0
    3.59045243
             0
             0
             0
             0
             0
             0
             0
             0
             0
             0
             0
             0
             0
             0
             0
             0
             0
             0
             0
    33.7136345
    15.5711641
             0
             0
