#
   0.648691773
    1.48372078
    1.53059113
    1.79666424
    1.68035531
    1.66481745
    1.82829928
    1.66516328
    1.28344369
    1.12358713
    1.32678998
     1.5634222
    1.82755673
    1.77182043
    1.91356909
    1.10698593
    1.27586842
     1.8749249
    1.99413931
    1.92398322
    1.90768015
    1.80308807
    1.75723445
    1.38908195
    1.54903471
     1.8125869
    1.85961604
     2.0441401
    1.95831156
    1.89349735
    1.98502624
    1.79118693
    1.53303349
     1.7801249
    1.73020828
    1.64159012
    1.81621599
    1.94885015
    2.06912899
    1.87432981
    1.95670807
    1.49551189
    1.73075259
    1.99954307
    1.97170472
    1.96078646
    1.85288048
    1.89635301
    1.78017676
    1.65103352
    1.36556828
    1.95044577
    1.91348255
    1.64911914
    1.67415524
    1.52033985
    1.80630386
     1.7223022
    1.87587094
    1.94359899
    1.66876793
    1.75380158
    1.84205449
    1.69941175
    1.66872644
    1.77052593
    1.88440299
    1.62339973
    1.77818322
    1.85155916
    1.84120572
    1.53918529
    1.40345311
    1.70915592
    1.69643211
    1.59852803
    1.73258722
    1.25276518
     1.5769043
    1.64147127
    1.71870983
    1.69980633
     1.4467361
    1.50147831
    1.74091232
    1.66048658
    1.66599023
    1.62104428
    1.43536937
    1.28304017
    1.46382749
    1.22125137
    1.36765981
    1.56767845
    1.43089783
    1.10559452
   0.953187048
   0.763926744
    1.27755451
    1.46887779
    1.40711629
    1.23136878
    1.17745733
     1.1101619
     1.4245373
    1.49482989
    1.49766207
     1.5203681
    1.37290263
    1.23575711
    1.24977744
    1.27281272
    1.03619874
   0.811962724
   0.958713114
    1.24534464
    1.21387589
    1.01274407
   0.950441062
   0.831878603
   0.818621337
   0.781016767
   0.730937183
   0.663437963
   0.599652231
   0.469230413
   0.415541351
   0.391362548
   0.340820491
   0.100072637
   0.227759004
   0.174582839
   0.195393085
  0.0649074316
   0.118463539
   0.138769865
   0.129392192
   0.168812856
  0.0416700803
  0.0311959814
  0.0157867447
  0.0216481071
  0.0180946793
0.000959491357
0.000538814871
0.000252818747
  0.0142273568
             0
             0
             0
             0
             0
             0
             0
             0
             0
             0
             0
             0
             0
             0
             0
             0
             0
             0
             0
             0
             0
             0
             0
             0
             0
             0
             0
             0
             0
             0
             0
             0
             0
             0
             0
             0
             0
             0
             0
             0
             0
             0
             0
             0
             0
             0
             0
             0
             0
             0
             0
             0
             0
             0
             0
             0
             0
             0
             0
             0
             0
             0
             0
             0
             0
             0
             0
             0
             0
             0
             0
             0
             0
             0
             0
             0
             0
             0
             0
             0
             0
             0
             0
             0
             0
             0
             0
             0
             0
             0
             0
             0
             0
             0
             0
             0
             0
             0
             0
             0
             0
             0
             0
             0
             0
             0
             0
             0
             0
             0
             0
             0
             0
             0
             0
             0
             0
             0
             0
             0
             0
             0
             0
             0
             0
             0
             0
             0
             0
             0
             0
             0
             0
             0
             0
             0
             0
             0
             0
             0
             0
             0
             0
             0
             0
             0
  0.0262191743
  0.0320446827
 0.00111431279
 0.00276353513
 0.00488071796
  0.0110343257
  0.0221806392
  0.0274044387
  0.0159015674
  0.0255478304
  0.0375145562
  0.0541890077
   0.113212459
   0.154722959
   0.223668352
   0.251095802
   0.271430403
   0.105515189
   0.301153332
   0.476635814
   0.173694715
   0.272179991
   0.419917256
   0.480961055
   0.474390119
   0.244441286
   0.240395352
   0.269330472
   0.444257081
   0.636554122
   0.952935696
    1.24213743
    1.33961082
    1.49820387
    1.50037706
    1.35338914
    1.07263112
   0.903715909
   0.933986843
    1.45601547
   0.961553991
    1.21387672
    1.57557297
    1.66349411
    1.68273067
    1.73172796
     1.8167274
     1.8551023
    1.70118833
    1.45134377
    1.47603476
    1.07362473
   0.698091209
    1.03332698
    1.45563638
    1.51421583
    1.80572534
    1.76111174
     1.6589092
    1.72386658
      1.933568
    1.78870487
    1.87600577
    1.51238608
    1.15457916
   0.768440604
    1.16476274
    1.79495776
    1.93363655
    2.00827193
    2.01484466
    1.93239081
     2.0111196
    2.04235387
      1.979195
    1.52318537
    1.10750425
   0.855100572
    1.23183858
    1.05347359
    1.60104978
    1.50292993
    1.60549128
    1.89474678
    1.94485283
    1.87077928
   0.615800083
    1.81735671
    0.83210218
    1.83412111
    1.39844561
    1.88724864
    2.04366279
    2.06394744
    1.84364259
    1.71011651
    1.96421707
    1.47763634
    1.87594426
    1.88834298
    1.36432707
    1.46018147
    1.78572655
    1.71798933
    1.78245854
    1.90973043
    1.79794693
    1.73074031
    1.89123631
    1.97475541
    2.01041007
    1.97926259
    2.00702763
    1.98088312
    1.92466438
    1.63232219
    1.93291366
    1.98719072
    1.84974849
    2.00887799
    1.96099019
    1.95595467
    1.53899825
    1.50689256
     1.4884702
    1.53763974
    1.89149714
    1.87621617
    1.94585097
     1.9122237
    1.97087002
    1.92513096
    1.94665956
    1.53154528
    1.44680429
    1.81693506
    1.77266717
    1.63960361
    1.65351689
    1.65338504
    1.69729424
    1.62317336
    1.69562399
    1.79610908
    1.74260139
    1.63427699
    1.64600563
    1.41714549
    1.13675523
    1.61207378
    1.52954841
     1.6225456
    1.65531301
      1.708377
     1.7391715
    1.62421715
    1.55252182
     1.3940773
    1.65010393
    1.70005631
    1.61856306
    1.65085983
    1.70310819
    1.62704277
    1.46426463
      1.377617
    1.53302288
    1.65263402
    1.60304558
      1.664235
    1.61240089
    1.43575394
    1.38455582
   0.887842953
    1.27281666
   0.443311244
   0.859128654
   0.757638991
   0.568418503
   0.731677711
   0.414302379
   0.475206792
    1.13083756
     1.2514888
   0.982062221
    1.05115855
     1.1808182
    1.29624999
    1.27569222
    1.21432436
    1.21456397
    1.07994151
    1.04673648
   0.533208787
   0.896073759
    1.06830001
     1.0244683
   0.847339928
   0.530815065
    0.57774663
   0.362943441
    0.37806201
   0.237637371
   0.470660329
   0.297009319
   0.290512502
   0.234101325
   0.229165018
   0.123735331
   0.093685858
    0.08649946
  0.0432064608
   0.030314479
 0.00531855645
 0.00294978917
 0.00252318685
0.000788927486
0.000225076656
2.48963006E-05
             0
             0
             0
             0
             0
             0
             0
             0
             0
             0
             0
             0
             0
             0
             0
             0
             0
             0
             0
             0
             0
             0
             0
             0
             0
             0
             0
             0
             0
             0
             0
             0
             0
             0
             0
             0
             0
             0
             0
             0
             0
             0
             0
             0
             0
             0
             0
             0
             0
             0
             0
             0
             0
             0
             0
             0
             0
             0
             0
             0
             0
             0
             0
             0
             0
             0
             0
             0
             0
             0
             0
             0
             0
             0
             0
             0
             0
             0
             0
             0
             0
             0
             0
             0
             0
             0
             0
             0
             0
             0
             0
             0
             0
             0
             0
             0
             0
             0
             0
             0
             0
             0
             0
             0
             0
             0
             0
             0
             0
             0
             0
             0
             0
             0
             0
             0
             0
             0
             0
             0
             0
             0
             0
             0
             0
             0
             0
             0
             0
             0
             0
             0
             0
             0
             0
             0
             0
             0
             0
             0
             0
             0
             0
             0
             0
             0
             0
             0
             0
             0
             0
             0
             0
             0
             0
             0
1.36678746E-05
0.000486074685
  0.0011323262
 0.00208730553
  0.0209830031
  0.0222269911
  0.0257833898
  0.0747571215
   0.121861324
   0.147785023
   0.168575063
   0.242343485
   0.295176476
   0.327569067
   0.185117304
   0.252228707
   0.383621424
   0.491696894
   0.563413978
   0.631127179
   0.832769454
   0.532750547
     0.9406901
   0.639875233
    1.09687424
    1.10933948
    1.44722795
    1.40232253
    1.47768712
    1.61256468
    1.35538471
    1.43259132
    1.35126841
    1.39472115
    1.47281384
    1.25317848
   0.914204121
   0.548708856
   0.341824979
   0.677514017
   0.748963177
   0.738215148
   0.613533318
   0.516529679
   0.212628663
   0.606805146
   0.749688327
    1.17358887
    1.39727437
    1.69376552
    1.70428765
    1.70624268
    1.65607071
    1.45551503
    1.59022605
   0.849256516
    1.47676218
    1.07817459
    1.38655519
    1.50835586
    1.66746569
    1.69889438
    1.54008782
    1.70166254
    1.77633154
    1.78947914
    1.73714578
    1.54948044
    1.65660036
    1.67095864
    1.68126965
    1.04761088
   0.856871784
    1.10232747
    1.02143264
    1.32034552
    1.32164848
    1.50071096
    1.37532496
    1.57407224
    1.64489925
    1.78141642
    1.86702311
    1.87682176
    1.72731471
    1.73122013
    1.11655498
    1.56131959
    1.44490218
    1.72347414
    1.87750435
    1.83022821
    1.65031648
    1.49473011
     1.5345279
    1.82661653
    1.88173735
    1.93521428
    1.79217041
    1.75926232
    1.83313942
    1.86289406
    1.93967104
     1.8768239
    1.81052339
    1.67241263
    1.85042989
    1.74668503
    1.89293337
    1.91594374
    1.96070695
    1.88432586
     1.6687057
    1.75821054
    1.86231279
    1.92649591
    1.91980672
    1.95040011
    1.96307516
    1.89014578
     1.9299686
    1.90042114
     1.8747021
    1.84296906
    1.76442575
    1.89208913
    1.81942427
    1.83874691
    1.85026944
     1.8290199
    1.49300313
    1.61947632
    1.71783769
    1.85759056
     1.6791079
    1.71024787
    1.62210274
    1.63318646
    1.60993993
    1.36801803
    1.51157117
    1.61473191
    1.69740367
    1.68086362
    1.63353741
    1.45253384
    1.59935033
    1.66355979
    1.75715232
    1.60417926
    1.58442235
     1.6573782
    1.65004146
    1.35494053
   0.632748187
    1.38690829
    1.46391463
     1.4608984
     1.5055846
    1.22709739
   0.476550281
    1.14944875
    1.34459472
    1.43374658
    1.50102139
    1.47404957
    1.39323449
     1.5334425
    1.18142879
   0.953972936
   0.298278719
    1.05621445
    1.29500091
   0.840311468
    1.10327518
       1.10867
   0.598274708
   0.932250798
    1.19114757
    1.09969616
    1.10913849
    1.14184964
    1.17076039
    1.00007927
    1.07443643
    1.00458956
    1.21308196
   0.140122324
   0.695118248
   0.891563833
   0.593209743
   0.826882243
    0.72789377
    0.24377951
   0.303912789
   0.268087655
   0.431630522
   0.447280526
   0.484427363
   0.304039508
    0.23283717
   0.222172558
   0.161944881
   0.209301621
   0.273067534
   0.264457166
   0.161895514
   0.205697343
   0.059993457
  0.0721242577
  0.0693693161
   0.108956903
  0.0913454592
 0.00405496219
 0.00242859405
 0.00125237764
 0.00962647237
  0.0192606952
  0.0166770034
 0.00949255284
 0.00485880626
 0.00294987089
0.000191192798
5.13923715E-06
4.56988892E-06
             0
             0
             0
             0
             0
             0
             0
             0
             0
             0
             0
             0
             0
             0
             0
             0
             0
             0
             0
             0
             0
             0
             0
             0
             0
             0
             0
             0
             0
             0
             0
             0
             0
             0
             0
             0
             0
             0
             0
             0
             0
             0
             0
             0
             0
             0
             0
             0
             0
             0
             0
             0
             0
             0
             0
             0
             0
             0
             0
             0
             0
             0
             0
             0
             0
             0
             0
             0
             0
             0
             0
             0
             0
             0
             0
             0
             0
             0
             0
             0
             0
             0
             0
             0
             0
             0
             0
             0
             0
             0
             0
             0
             0
             0
             0
             0
             0
             0
             0
             0
             0
             0
             0
             0
             0
             0
             0
             0
             0
             0
             0
             0
             0
             0
             0
             0
             0
             0
             0
             0
             0
             0
             0
             0
             0
             0
             0
             0
             0
             0
             0
             0
             0
             0
             0
1.82422009E-05
0.000120652738
0.000387812208
0.000262975285
 0.00721503142
  0.0123811895
  0.0986656845
   0.149257302
  0.0575450063
 0.00732723391
  0.0846558809
   0.239826962
   0.279209346
   0.348558247
   0.574669242
   0.583730519
   0.506019533
   0.509660602
   0.649088264
   0.930078804
    1.12022555
    1.01694024
   0.995322824
    1.16550362
    1.33986306
   0.512049377
   0.419681877
    0.52486968
   0.352016002
   0.613746345
    0.56164676
   0.819033444
   0.783845007
    1.34499002
    1.41923833
   0.564776242
   0.500481844
    0.65395087
    1.27860534
    1.18605351
    1.28271449
    1.51699328
    1.28303778
   0.713793516
    1.20986462
    1.65139925
    1.62207711
    1.51513457
    1.62742925
    1.60079968
    1.72166777
     1.5145154
    1.54026341
   0.761607289
    1.32940578
    1.09169495
    1.60580075
    1.60244477
    1.64224696
     1.4577769
    1.70845306
    1.50891113
    1.58929324
   0.701871693
    1.53987694
    1.63149726
    1.16934299
     1.5570153
    1.66905427
    1.58653128
     1.7372762
    1.67116547
    1.54605603
   0.972231686
   0.951154232
    1.53788543
   0.962117612
    1.49042356
    1.69924998
    1.78591597
    1.91915512
    1.75528967
    1.81278467
    1.81982708
    1.70846164
    1.70707679
    1.93479156
      1.916381
    1.98509192
    1.80269957
    1.75876999
    1.94686353
    1.98061264
      1.822281
    2.00470996
    1.76284516
    1.71107972
     1.7761091
    1.68407309
    1.93142927
    1.67995024
    1.83289754
    1.83998942
    1.79196501
    1.80229425
     1.6663785
    1.58939993
    1.83871138
    1.80318046
    1.59521055
    1.77250624
    1.76068997
    1.93356919
     1.7936424
    1.74978566
    1.81577432
    1.70762646
    1.90485275
    1.83596373
    1.76166713
    1.77896571
    1.85306561
    1.84802055
    1.87361145
    1.89074373
     1.8627429
    1.86445546
    1.85799134
    1.84479272
    1.35504794
    1.13197446
    1.73953652
    1.73917508
    1.61664915
    1.43283856
    1.62258959
    1.76840174
    1.81977415
    1.76337779
    1.79753828
    1.31560421
    1.75733578
    1.57084632
    1.66238797
    1.79804027
    1.66998243
     1.7485038
    1.67502606
    1.46917176
   0.337025613
   0.890357554
    1.37675083
     1.5325551
    1.50970554
    1.48317373
    1.54139411
    1.64328706
    1.62000859
    1.59728384
    1.31759095
   0.655933917
   0.871498287
   0.869045079
     1.1629051
    1.45736063
    1.56402826
     1.6396631
      1.590855
    1.64977467
    1.41962087
    1.27569902
    1.39776194
     1.5241456
      1.354967
    1.47785378
     1.1007812
     1.2389518
    1.28983462
     1.2519412
    1.37243354
    1.37737679
    1.27010882
    1.24874663
    1.00605631
    1.11565161
    1.11822867
   0.837509274
   0.652957082
   0.795248568
   0.708166242
   0.721976578
   0.602109849
   0.606701672
   0.502506196
    0.50109005
    0.40691492
     0.2724922
   0.256804258
   0.221540943
    0.23502329
   0.239775881
   0.181482628
   0.140285969
   0.104072578
  0.0812624991
   0.197545052
   0.110742576
  0.0727482662
  0.0162775964
 0.00595776597
  0.0369740836
 0.00262272195
7.71889536E-05
 4.1217354E-06
             0
             0
             0
             0
             0
             0
             0
             0
             0
             0
             0
             0
             0
             0
             0
             0
             0
             0
             0
             0
             0
             0
             0
             0
             0
             0
             0
             0
             0
             0
             0
             0
             0
             0
             0
             0
             0
             0
             0
             0
             0
             0
             0
             0
             0
             0
             0
             0
             0
             0
             0
             0
             0
             0
             0
             0
             0
             0
             0
             0
             0
             0
             0
             0
             0
             0
             0
             0
             0
             0
             0
             0
             0
             0
             0
             0
             0
             0
             0
             0
             0
             0
             0
             0
             0
             0
             0
             0
             0
             0
             0
             0
             0
             0
             0
             0
             0
             0
             0
             0
             0
             0
             0
             0
             0
             0
             0
             0
             0
             0
             0
             0
             0
             0
             0
             0
             0
             0
             0
             0
             0
             0
             0
             0
             0
             0
             0
             0
             0
             0
             0
             0
             0
             0
             0
             0
             0
             0
             0
             0
             0
             0
             0
             0
             0
             0
             0
4.15040959E-05
0.000111282221
   0.076146163
  0.0404953323
  0.0149473641
  0.0918506309
  0.0253413916
  0.0656379461
  0.0804059952
   0.103490382
  0.0661397725
   0.154291302
   0.110130072
   0.274346888
  0.0695828944
    0.12054693
   0.132218257
  0.0724177882
  0.0805175453
   0.716023088
   0.621285319
   0.179925188
   0.137390435
   0.272152722
   0.382342845
   0.358936042
   0.552565634
   0.953508675
   0.755360007
   0.102196731
   0.424884021
   0.706454456
   0.612407386
   0.960628927
   0.484746635
     1.1625241
     0.3495588
   0.556045055
   0.396032065
   0.439136326
   0.458083212
   0.967454433
    1.03778946
    1.10776198
   0.402332962
    0.63324827
    1.01909566
   0.976284385
   0.895951509
    1.12643361
    1.73825729
    1.64725912
    1.25054407
    1.47966731
    1.60437191
    1.77272952
    1.73018026
    1.72021377
    1.72863376
    1.69981813
    1.05950701
    1.32045734
    1.32899618
    1.61756265
    1.77761519
    1.85093367
     1.7998755
    1.71321559
    1.79755461
    1.72777128
    1.90080988
    1.91253257
    1.95545042
    1.84392953
    1.12738442
    1.62346101
    1.90748429
    1.72704148
    1.58158326
    1.48620117
    1.80068922
    1.59095824
    1.26987624
    1.79102778
    1.51636386
    1.84319568
    1.88820267
    1.77355945
    1.83333302
    1.78838694
    1.36275911
    1.95940959
    1.58160686
    1.79380512
    2.03233242
    2.01498437
    2.06525898
     1.8629266
    1.47911549
    1.43247497
    1.99560475
     1.8259536
    1.62975228
    1.89359164
    2.02022314
    1.92007804
    1.81552994
    1.97606325
    1.82197988
     1.8727982
      1.973616
    1.90566814
    1.83363616
    1.83758056
    1.99977779
    1.79948235
    1.86390674
     1.9333849
    2.01522374
    1.92540002
    1.62314844
    2.00491786
    1.94701946
    1.90080214
     2.0369308
    1.97160494
    1.77118409
    1.72571778
    1.31338406
    1.11396599
    1.62856841
    1.89690185
    1.91848671
    1.95722508
    1.90416062
    1.91687679
    1.91266882
    1.79342842
    1.47114611
    1.75884843
    1.89101279
    1.77250493
    1.31417215
   0.929901242
    1.89579213
    1.73350596
    1.66087902
    1.59659529
    1.32232034
     1.7661953
    1.66093898
    1.68236446
    1.66678214
    1.57094038
     1.6391871
    1.71046376
    1.55139971
    1.56332016
    1.55750406
    1.71262276
    1.49618948
     1.4138422
    1.50248301
    1.52397954
    1.67328465
    1.53134751
    1.63613701
     1.5937072
    1.56312692
    1.38177907
    1.49178421
    0.80979389
   0.966325521
   0.819213629
    1.06446314
    1.33135962
    1.37239838
   0.892582238
    1.22838259
   0.911896408
   0.807997644
   0.728089213
   0.747593522
   0.732592285
   0.866006136
    0.70100224
   0.797884345
   0.298499614
   0.296399593
   0.185507625
   0.321823686
   0.466994792
   0.161086529
   0.226303756
    0.66676414
   0.826812983
   0.737122893
   0.678437233
   0.851117611
   0.776337802
   0.371496737
   0.739075899
   0.383745492
   0.347750157
   0.317253292
   0.145204112
   0.333578736
   0.225465834
  0.0411194898
    0.17433387
  0.0848092586
   0.012128897
  0.0276434105
  0.0378846377
  0.0343619511
  0.0542750731
  0.0138820717
  0.0221768785
1.00623556E-05
             0
             0
             0
             0
             0
             0
             0
             0
             0
             0
             0
             0
             0
             0
             0
             0
             0
             0
             0
             0
             0
             0
             0
             0
             0
             0
             0
             0
             0
             0
             0
             0
             0
             0
             0
             0
             0
             0
             0
             0
             0
             0
             0
             0
             0
             0
             0
             0
             0
             0
             0
             0
             0
             0
             0
             0
             0
             0
             0
             0
             0
             0
             0
             0
             0
             0
             0
             0
             0
             0
             0
             0
             0
             0
             0
             0
             0
             0
             0
             0
             0
             0
             0
             0
             0
             0
             0
             0
             0
             0
             0
             0
             0
             0
             0
             0
             0
             0
             0
             0
             0
             0
             0
             0
             0
             0
             0
             0
             0
             0
             0
             0
             0
             0
             0
             0
             0
             0
             0
             0
             0
             0
             0
             0
             0
             0
             0
             0
             0
             0
             0
             0
             0
             0
             0
             0
             0
             0
             0
             0
             0
             0
             0
             0
             0
             0
             0
             0
             0
             0
             0
             0
             0
             0
             0
             0
2.62628637E-05
0.000541591493
 0.00113988109
 0.00546573941
 0.00541922869
  0.0253773201
  0.0157469139
  0.0590515547
  0.0417891257
  0.0365153402
  0.0479254797
  0.0818897858
  0.0716485232
   0.170984179
   0.713595986
   0.796420574
   0.750844598
    1.07496691
   0.996647894
   0.999758542
   0.522489369
   0.711506128
    1.05112791
   0.696913481
   0.892055094
    1.11363387
    1.00077951
   0.815903962
   0.413203508
   0.292365491
  0.0371331125
   0.110840254
   0.757713616
   0.805512726
   0.922474623
    1.19233406
    1.20883322
   0.591804922
   0.526231408
    0.49574396
   0.299916148
   0.951069891
    1.13079762
    1.05493653
    1.27582324
   0.968777835
   0.522846699
   0.340246856
   0.243729234
   0.229929686
    0.49727127
   0.551982105
   0.644175529
    1.27319729
    1.17787194
     1.1920656
    1.27082574
    0.82413882
   0.687232196
   0.553921402
    0.29544428
    1.06476545
    1.00435638
    1.03004491
    1.03031266
     1.1990639
    1.38865018
    1.26812148
   0.877054274
   0.600357056
   0.441735804
   0.737058282
   0.632569015
   0.834144831
    1.31367469
    1.26039028
    1.33275235
    1.41457379
    1.16116166
   0.600688994
   0.769415677
   0.799036384
    1.19557917
    1.15661311
     1.3365978
    1.19769752
     1.2038635
    1.22925794
     1.2128582
    1.11922324
    1.12136936
    1.09625924
    1.22621167
   0.962393224
    1.15199649
    1.15955293
   0.861169934
    0.59855783
   0.526888072
   0.554846108
   0.612858772
   0.607654989
     0.8082093
   0.871707737
   0.875815153
     1.2013911
    1.05121982
    1.09694612
    1.07824707
    1.05999327
    1.10266817
   0.947477996
    1.01368201
    1.06318033
    1.02573049
    1.06958854
    1.09559608
    1.12449145
    1.07234979
   0.666991949
   0.698971629
    1.37984884
    1.27008033
   0.411159098
   0.684228539
   0.966276288
     1.3139981
    1.22978628
   0.979890585
   0.784421444
   0.829603136
    1.16391301
    1.14990091
   0.824889958
   0.482425064
   0.481346637
   0.891085029
   0.921968162
   0.643337846
   0.269759148
    0.81889379
   0.530201375
   0.565791845
   0.394992679
    0.12487027
     0.5150823
   0.667849839
   0.651091516
    0.77583009
   0.687136173
   0.734718978
   0.654499292
    0.66975981
   0.743004024
   0.782753229
   0.634204626
   0.718922496
   0.648517966
    0.56305325
   0.424049467
   0.652182162
   0.535923541
    0.72432822
    0.77316606
   0.696377814
   0.565338373
   0.706323504
   0.701177359
   0.654053032
    0.60762316
   0.603988349
    0.64112401
   0.661636293
   0.617823541
   0.633648813
   0.580745876
   0.634858489
   0.533013463
   0.522066653
   0.389791876
   0.474726826
    0.10137476
    0.18839547
   0.137979969
  0.0695198178
