#
   0.911386549
    2.19103336
    2.42037201
    2.32577801
    2.23848891
    2.55963516
    2.41552067
    2.36280155
    1.85608733
    1.74871075
    1.75879359
    2.60862494
    3.16347885
    3.20700502
     2.3276484
    1.72997856
    2.29665041
    2.66858459
    3.40041757
    3.09623814
    2.92763042
    3.12635398
    2.57823706
    2.16537189
    2.48852062
    2.51328373
    3.00199938
     3.6506362
    3.11439204
     2.9682219
    2.93025637
    2.80254388
     3.1386025
    2.82207584
     3.1243155
    3.07465935
     3.4672327
    3.56463504
    3.07989621
    3.26843309
    2.76418614
    2.84660792
    3.21697783
    2.98710275
    3.20005107
    3.21246791
    3.06522655
    3.16610169
    3.15132213
    2.61459279
    2.74456644
    3.49898076
    3.18261909
    3.08867502
    2.53030801
    3.15168858
    3.22107315
    3.22476196
    3.86340141
    3.02427626
    2.88521314
    3.61400485
    3.45996714
    3.24225378
    3.08295059
    3.12953949
    3.58226347
    3.06681585
    3.37185264
    3.13920641
    2.88568807
    2.63194394
    3.11629772
    3.76556468
    2.40359116
    3.56206989
    2.42635798
    2.71966028
    2.54760218
    3.13648582
    3.07560229
    2.65977216
    2.69096398
    2.45248723
    2.89805365
    3.23223138
    2.61034632
    2.81662869
    2.30730915
    2.45199561
    2.37023497
    2.30579519
    2.28206635
    2.45210314
    2.25808501
    1.77006507
    1.38706744
    1.60891914
     2.3272922
    2.01048183
    2.49217319
    1.93674743
    1.69437885
    2.42411995
    2.38734627
    2.43157268
    2.28980374
    2.19175339
    2.18824911
    2.05833673
    2.12289476
    1.91097355
    1.35109985
   0.961300194
    1.43613148
    1.88340759
    1.97695959
    2.12594819
    2.02871442
    1.70012259
    2.38178873
    2.00583839
    1.82352901
    1.78124797
    1.91670227
    2.13176513
    1.76753759
    2.21968007
     1.0369941
   0.816839278
    1.21447706
     2.3168273
    1.85080028
   0.847789407
   0.862403393
   0.935884833
    1.22601867
    1.11820936
    1.24440455
   0.945842206
   0.849421918
   0.969341516
   0.665489137
   0.671176255
     1.3689363
    1.55193865
    1.25431681
    1.47532427
    1.16505861
    1.08939815
    1.02117264
   0.956605613
   0.423467398
    0.37019673
   0.684907556
   0.615049422
   0.412839919
   0.447759956
   0.552157342
   0.591321051
   0.536893904
   0.690301478
    0.92257452
   0.642108679
   0.486127287
   0.975290835
   0.798290491
   0.849504411
   0.576700568
   0.538187087
   0.439521164
   0.347497195
   0.594223261
   0.690145493
   0.781220615
    0.87467438
   0.646396637
   0.737853885
   0.747826934
   0.717743874
   0.460845262
   0.266981214
    0.50309515
    0.48479408
   0.606898248
   0.495169431
   0.248621747
     0.5321486
   0.368645579
   0.281241715
   0.256217837
   0.427168369
     0.6455459
   0.512926638
    0.35872975
   0.261585802
   0.506392837
   0.402112991
   0.254621357
   0.528751314
   0.461591244
   0.633341312
   0.477243721
   0.546780288
   0.515909016
   0.657315016
   0.571907818
   0.530544102
   0.464376241
   0.705255091
   0.539092183
   0.345901161
   0.322649837
   0.374588072
    0.31805262
   0.410522759
    0.30776149
   0.385891855
   0.347899973
   0.446653485
   0.545467079
   0.560897171
   0.459094882
   0.332797706
   0.472686708
   0.585037947
   0.428020209
   0.248374745
   0.389166981
   0.334992617
   0.575602174
   0.578654408
    0.55995369
   0.620228708
   0.609897673
   0.417002589
    0.44057551
     1.2126497
   0.746054173
   0.721844971
   0.704783618
   0.386330783
   0.371223032
   0.804440975
   0.706216037
   0.937955201
   0.447310627
   0.446696818
   0.492881089
   0.557211459
   0.759941459
    1.12377441
   0.726834476
   0.647630095
   0.899544358
    1.11487341
    1.05002356
    1.09182501
    1.12983692
    1.11823106
    1.09800422
    1.13882303
    1.20182014
    1.00716734
    1.12128985
   0.901257217
    1.14948356
    1.39027894
     1.3522774
    1.28015542
    1.36011815
    1.59372663
    1.04782033
   0.767083168
   0.721026719
   0.934067845
    1.07677937
    1.31234837
    1.41320169
    1.96757305
    1.56289601
    1.55846977
    1.97613013
    1.53209686
    1.58089876
    1.63931334
    1.71729779
     1.2877804
    1.93842077
    1.93462908
    2.14345646
     2.0413487
    1.70115781
    2.00655174
    2.40936208
    2.33563113
    2.23450184
    2.65927386
    2.19813228
    1.98540938
     1.7539866
    1.76046717
    1.96613622
    2.00703096
    1.64401281
    1.98195422
    2.02531743
    2.00808191
    2.22619247
     1.6034652
    1.72071838
    2.50163746
    2.05374455
    1.55775797
    2.36370921
    2.49380231
    1.82257497
    1.53273451
    1.04947793
    1.11262429
    1.05782712
    1.21424139
    1.66950309
    1.81681383
    2.08817768
    2.83734822
    3.08376479
    2.34126687
    2.38803053
    2.10653806
    1.74427891
    1.97375286
    2.77848172
    1.86055779
    2.35806918
    3.22581053
    3.09893465
    3.12917161
    3.48383093
    3.33618498
    3.38097763
    3.56073594
    2.77783132
    2.47666502
    1.80835271
    1.28992641
    1.54437232
    2.34301496
    3.33822966
    2.58661771
     2.8613534
    3.07581949
    2.94338775
    3.04118085
    2.84588456
    3.48294425
    2.51498508
    1.76301372
     1.1723845
    2.42291307
    3.76921535
    4.19392633
     4.0615406
    3.67224264
    3.39048147
    3.44310045
    3.37455368
    3.22836757
    2.10354233
    1.64210236
    1.48366582
    1.84886086
    1.74151838
    2.75023746
    2.26104569
    3.46105385
    3.39077425
    3.52789307
    2.29149199
    1.28527761
     2.2787962
    1.46188164
    2.79037476
      3.023247
    3.75682068
    4.52213526
    4.36329126
     3.0872314
    3.13019609
    3.23284245
    3.03337884
    3.10459661
    2.89518762
    2.56170964
    3.12666821
     3.3278327
    3.42047477
    3.54416561
    3.73895431
    3.34221292
    3.38219237
    3.56220222
    3.27887392
    3.61244655
    3.82596326
    3.48648095
    3.85625958
    3.53787494
     3.3525517
    3.97432256
    3.07731414
       3.97507
    4.19170046
    3.23422456
    3.30007052
    3.24777055
    3.12249517
    2.90305233
    3.04824877
    3.56650901
    3.45205331
    3.65358615
    3.75123167
     3.3342576
    4.27884436
    3.19567704
    2.78798199
    3.06252813
    3.08236098
     2.8905623
    3.25619316
    3.02822518
    3.17605853
    2.82838702
    3.12126088
    3.64156055
    3.50960374
    3.48558211
    2.92525721
    3.11033726
    2.38569784
    2.52126765
    3.30609369
    3.20982766
    3.18899441
    3.07554007
    3.50346661
    3.16172051
    3.10712552
    3.08584738
    3.04001284
    2.90386295
    2.97294068
    2.94573355
    3.22960687
    3.72711682
    3.07686019
    2.81159806
    2.60524297
    2.96606421
    3.32705736
    2.82959628
    3.55006075
     2.7014358
    2.08211946
    2.49860382
    1.80146146
    2.39318585
   0.920690417
    1.27912354
    1.52087188
    0.90590924
    1.30691123
    1.04211831
    1.40760791
    1.47165596
    1.96508598
    1.77116132
    1.71216536
    2.45675397
    2.52665591
    2.45144677
    1.80196846
    2.04258871
    2.16097832
    1.89689243
   0.750456989
    1.43025148
    1.54594445
    1.83866191
    1.69117165
    1.59269345
    1.44966197
   0.905659795
   0.985268354
   0.627640724
    1.19943523
    1.26874161
    1.70848382
    1.71464252
    1.61775792
    2.05185413
    2.13000846
    1.53258133
    1.30574644
    1.58746064
   0.529835939
   0.491392761
    1.14542603
   0.563091576
    0.60167408
   0.405988038
   0.507895589
   0.874610901
   0.929804385
     1.0629282
   0.937321007
    0.77934432
   0.629777372
    1.38373935
    1.11359239
    1.28541291
    1.32996595
   0.469327688
   0.843199313
    1.94154036
   0.949237406
   0.689455688
   0.662664473
   0.966056347
    1.21998394
   0.976901233
   0.877508163
    1.00144351
    0.66824019
   0.514075994
   0.656717479
   0.655959189
   0.562639415
   0.669532657
   0.583260596
   0.476302028
   0.412963539
   0.418528199
   0.401159853
   0.476533175
   0.628853083
   0.772121668
   0.192633808
   0.616684198
   0.718635738
   0.556701303
   0.440464258
   0.414896578
   0.447383076
   0.452728838
   0.451262683
    0.43500632
   0.250617236
   0.236553237
   0.903223991
   0.656035662
   0.486822188
   0.234579489
    0.22370474
   0.384000033
    0.50639236
    0.57677424
   0.355039597
   0.306695312
   0.260543793
   0.449771285
   0.317684501
   0.290087312
   0.376268804
   0.402494103
   0.306833625
   0.509673953
   0.411339343
    0.49315536
   0.418252826
   0.289556473
   0.193725914
   0.371267915
   0.483704805
   0.632902026
    1.20058334
   0.674468935
   0.280196786
   0.244384512
    0.27241382
   0.292982191
   0.907971203
   0.404835701
   0.299757391
   0.249086961
   0.262918472
   0.603247344
   0.811046362
   0.573295593
   0.294574142
   0.417151719
   0.478056967
   0.856123984
    1.00667846
    0.96577239
   0.705930054
   0.678154588
   0.833402336
   0.602259696
   0.824689209
   0.610931098
   0.398216933
   0.393144816
   0.540872335
   0.507769763
   0.409221321
   0.749431849
   0.678965211
   0.461788744
   0.961595297
   0.867624342
   0.696818709
   0.687754452
   0.409292728
   0.419547081
   0.221402988
   0.486631453
   0.958797514
   0.905331314
   0.701939225
   0.659538984
   0.532877207
   0.937502801
   0.921239078
   0.989729047
    1.15628564
    1.09707832
    1.15817189
    1.00673962
   0.639837205
   0.857623219
   0.378618091
   0.507367909
   0.281556159
    1.31623781
    1.48874736
    1.18733752
    1.16636491
   0.962830067
    1.06953287
    1.16973877
    1.07657647
    1.03822517
    1.41755605
    1.36807835
    1.04832006
   0.953166783
    1.09667051
    1.14555895
    1.16498625
   0.882731378
    1.34131026
    1.20035708
    1.33789551
    1.36692679
    1.01210546
    1.61728668
     1.0935874
    1.54947031
    1.32587314
    1.30750048
    1.35514796
    1.78334844
    1.71705794
    1.89488423
    2.17437506
    1.77768266
    2.21563196
     2.0005486
    2.40210724
    2.09869337
    1.11926329
     1.2917335
    1.57059169
   0.942678332
    1.25370085
    1.23471487
    1.38814819
   0.907319427
    1.51641345
    1.05305266
    1.61243629
    1.57180512
    1.89146495
    1.78389645
    2.34851694
    2.54587317
    2.01634741
    2.13762689
    2.27926302
    2.91094875
    3.04985571
    2.39834929
    1.93678379
    1.39503002
   0.975708008
    1.68447089
    1.75034559
    1.34567654
     1.4391017
    1.03120816
   0.753652513
    1.87929583
    1.82100511
    2.08878279
     2.1836822
    3.08423281
    3.17051816
    2.93261456
     2.5507915
    2.34095454
    2.66034269
     1.5734148
    2.16789365
    1.86972034
    2.24209905
    2.36684585
    2.37181711
    2.59204602
    2.72666597
    2.96791172
    3.53899217
    2.95761561
    3.50839901
    2.67647052
    3.25612092
    2.63126683
    2.58816981
    1.75488007
    1.51524556
    1.72167981
    1.63525534
    2.02918291
    1.71650803
    2.13370252
    2.03671551
    2.04019237
     2.4573431
    2.53312302
    2.68130159
    2.70158553
    2.72675157
    3.20529842
    1.52677023
    2.68842649
    2.27879763
    2.86605334
    3.10350537
    3.09383082
    2.95777845
    2.51653409
    2.47813058
    3.10568333
     3.7596755
    3.19561505
    3.25599265
    3.98298979
    3.47056603
    3.58520913
    4.03921509
    4.02438831
    3.49137378
    3.27492118
    3.19156194
    3.27307105
    3.57579303
    3.49983859
    3.64477515
    4.18826723
    3.46672058
    3.15469337
    3.67819667
    3.43402481
    4.19466496
    4.39758635
    3.26180577
    3.48292971
    4.00517797
    3.34814596
    3.72008753
    4.04166794
    3.45868683
    3.44756866
    3.72428465
    3.77663207
    3.50752258
    3.40286946
    3.09768963
    3.58601809
    4.41813755
    3.82921219
     3.2555685
    3.73475528
    2.97682738
    2.90774703
     3.1345551
    2.36253285
    3.15464687
    2.92962027
    2.95839357
    3.20504689
    3.66021156
    2.85765767
    3.06833243
    3.27820706
    4.48123503
     3.1934526
    2.89850926
    2.80076599
    3.01798725
    3.14203525
    1.21417975
    2.11555195
    2.13487864
    2.55540204
    3.06251574
    2.48768401
    1.03369701
    1.97163999
    1.82157207
     2.1752212
    2.25870514
    2.99374652
    2.41944695
    2.54213881
    2.51582932
    1.35669386
   0.682650328
    1.49961531
    1.69817865
    1.10238242
    1.29346621
    1.63960707
    1.06499445
    1.62207353
    1.84174156
    1.79559648
    1.58349156
     1.5799607
    1.97295094
    1.39258111
    1.94344687
    1.81356955
    1.95900249
   0.567599297
    1.40201569
    1.46189022
   0.900267661
    1.24923539
    1.63490558
   0.632946789
   0.745404541
   0.625315428
   0.965557992
    1.09022748
    1.04605567
    1.14817393
    1.10506964
    1.25297475
     1.1711998
    1.09387445
     1.2840575
    1.16906309
   0.833354115
    1.00420702
   0.882385969
    1.27073157
    1.02252734
    1.12231982
    1.18004119
   0.407989293
   0.360254556
   0.379922628
   0.896514893
   0.732896149
     0.7427876
   0.840018034
    0.51695919
    0.89997071
   0.685452521
   0.289719254
   0.604586422
   0.939056396
   0.382654458
   0.258710235
   0.602057636
   0.562251568
   0.492436796
   0.460389763
   0.591341913
   0.440370619
   0.219011992
   0.653690457
   0.342904538
   0.317389667
   0.394093543
    0.42323482
   0.346031427
   0.536785603
   0.312703729
   0.503731191
   0.265335858
   0.297976851
   0.176653072
   0.408757091
   0.316188455
   0.234925002
   0.274174899
   0.453824788
   0.420469046
   0.467308789
   0.176250055
   0.373252064
   0.412111282
   0.290262103
   0.413060546
   0.743210435
   0.613211572
   0.467320561
   0.510578215
   0.320570022
   0.230593041
   0.443625838
   0.258539706
   0.231226504
   0.235014945
   0.323629916
   0.444257945
   0.423630357
    0.42525503
   0.293536335
   0.308232069
   0.317975819
   0.276919723
   0.257782519
   0.326563299
   0.256963849
   0.210508063
   0.261699796
   0.373882174
   0.402894199
   0.347170651
    0.21443066
   0.188224688
   0.275296539
   0.219068721
   0.270025909
   0.218039185
   0.195900202
   0.237225965
   0.288199008
   0.288606256
    0.26520893
   0.389940113
   0.750659406
   0.848068297
   0.738229692
   0.795429826
   0.563232601
   0.412739486
   0.240263969
   0.270586431
   0.257952392
     0.2357492
     0.4929519
   0.553159237
   0.587272525
   0.518501461
   0.593596816
   0.776559651
   0.760996461
   0.942198575
     1.0226742
   0.510725737
   0.815332592
    1.08698952
   0.548165619
   0.235215396
   0.376158327
   0.282726347
   0.244807377
   0.675134838
   0.497211248
   0.482756466
   0.408814788
   0.266437083
    1.01030743
   0.816207409
   0.872388601
   0.809827566
   0.978846788
    1.41951478
    1.25936556
   0.947620094
   0.836329877
   0.863360763
   0.524713337
   0.614711046
   0.903343678
    1.08275807
    1.02254987
    1.19724035
    1.67719913
    1.12445009
   0.506203413
   0.378194153
   0.377407908
    1.03150272
   0.787282765
   0.898220718
    1.00263393
    1.41050434
    1.72462857
    1.54179478
    1.51289952
   0.862936616
   0.848333895
    1.09502161
   0.786359668
    0.76653111
   0.351087093
    1.09141541
   0.924692452
    1.21571529
    2.02972412
    1.35778964
   0.436337411
   0.923405468
    1.74264824
    1.80380332
    2.24322295
    2.10746765
    2.18487334
    1.71406281
    1.90135908
    1.78711236
    1.64936531
    2.08716393
    2.50473285
    1.62372637
     1.4922241
    1.86325336
    1.11088109
   0.884832501
    0.89653033
   0.757843792
    1.03416991
    1.18982232
    1.47253633
     1.4353708
    1.93915641
    1.92778921
    0.93494916
   0.763060033
    1.18824422
    1.94135833
    2.09419322
    1.90468776
    1.98161626
    1.83859527
    1.55410647
    2.03337264
    2.22785687
    2.36621761
    2.89186096
    2.52043533
    2.17056632
    2.77165151
    3.15967989
    2.49342227
    1.01720095
     1.9079051
    1.53655708
    2.33933496
    2.39299726
    2.42091322
    2.30030823
    2.66409707
    2.42724919
    2.32872534
    1.06607139
    2.25020051
    2.45378733
    1.84700346
    2.57089472
    3.55909896
     3.1277864
    2.75812769
    2.47375369
    2.42814565
     1.5520848
    1.72437203
    2.48088145
    1.45535183
    2.25795484
    2.73187137
    3.42309952
    3.06538224
    2.95342898
    3.52548313
    2.93736219
    3.00814366
    3.25515008
    3.09712291
    3.66027164
    3.76345658
    3.58152127
     3.1427021
    3.44597745
    3.20000339
    3.15169525
    4.07692194
    3.63254499
    3.35724878
    3.03127503
    3.17484641
    3.78384328
    3.18718004
    3.00155139
    3.77812624
    3.62772989
    3.28729701
    2.65883374
    2.73610306
    2.97748876
    3.22871733
    2.73951006
    3.20172548
    2.77541971
    3.42000151
    3.79273129
    3.49593401
     3.1767571
    3.36638403
     3.6017735
    3.30486298
     3.5833447
    3.26562071
    3.38779545
    3.21489072
    3.23502374
    3.83200336
    3.05971146
    3.92998767
    3.13254452
    3.07598352
     2.6631763
    1.78215551
    2.67053699
    3.52498055
    3.35985327
    2.27370477
    3.50064969
    3.15943956
    3.61217499
    2.91772318
    3.13906598
    2.84812093
    3.73353839
    3.32128596
    2.58377838
    3.39776278
    3.19207025
    3.21431088
    2.97503686
    3.01934838
    1.14715719
    1.26413965
    2.18650222
    2.61400533
    2.85812593
    2.74818993
    2.42446232
    2.88201189
    2.62541246
    3.07238102
    2.02548933
    1.01293123
    1.23446155
    1.36474693
      1.957183
    1.87819183
    2.45410872
    2.60386014
    2.33943343
    3.15482759
    2.88790131
     1.9795748
    2.01796079
    2.44000292
    2.15088439
    2.50640416
    1.90927172
    2.21750188
    2.21926045
    2.33242464
    2.17394185
    2.42542171
      2.141886
    2.48218846
    1.71688986
    1.65863335
    1.86381996
    1.56372333
    1.99886656
    2.22813058
    1.89815307
    2.08545399
    2.06905651
    1.89700055
    2.15338302
    1.88461292
    2.50509644
     1.9784466
     1.9211446
    1.94966662
    1.52245986
    1.77198374
    1.72534621
    1.79159367
    1.72021997
    1.65942073
    1.29783714
    1.55355322
    1.69375145
    1.30387163
    1.84007227
     1.1433562
    1.53518689
   0.974442244
   0.887449503
   0.594456136
   0.571483314
    0.76800704
   0.940590441
   0.578565955
   0.715072215
    1.01362729
   0.509602189
   0.295367062
   0.422406703
   0.436797053
   0.703692138
   0.804307461
   0.739100516
   0.611428797
   0.294416904
   0.535857677
   0.751995742
   0.992405117
    1.23390162
   0.631384015
    0.25513646
   0.427750558
   0.589849412
   0.611188173
   0.215727672
    0.39647302
   0.230819151
   0.372273713
   0.650140703
    0.34679985
   0.513049662
   0.394857526
    0.25665924
   0.305020779
    0.37791422
    0.34240973
   0.444033474
   0.448873639
   0.355399758
   0.293451905
   0.397201836
    0.34763208
   0.458152384
   0.233144104
   0.262075007
   0.186568394
   0.195736736
   0.282593399
   0.249399304
   0.243286982
     0.3935287
   0.239688858
   0.443306893
   0.293474466
   0.415075094
   0.271133959
   0.294152856
   0.183870077
   0.241813928
   0.521639347
   0.508946836
   0.381307542
   0.419448137
   0.480621815
   0.479234517
   0.377514422
   0.449370176
   0.197662547
   0.315145463
   0.246445686
   0.449711382
   0.307260156
   0.425954819
   0.410133094
   0.228140265
   0.266286641
   0.199536592
   0.267184705
   0.240996063
    0.59087503
   0.640944183
   0.370926142
     0.2854321
   0.514486313
   0.602286875
   0.628967166
   0.387269557
   0.647925913
   0.304304719
   0.519591987
   0.818329215
    0.60996151
     0.4003492
   0.641296804
   0.916481853
   0.959042251
   0.725961268
    1.15184581
   0.416945904
    1.15752089
    1.06157839
    1.17724288
    1.07444584
    1.18988097
    1.02653027
    1.03133368
   0.993381262
   0.957236826
    1.55617046
    1.44886708
    1.15250647
    1.09868252
    1.14299989
    1.19680715
    1.16215646
    1.22158909
     1.1639092
    1.36598992
    1.25641513
    1.45895791
    1.59866989
    1.18892372
    1.61120737
    1.33995616
     1.4164381
    1.34644151
    1.48429537
    1.18596995
    1.50536597
   0.955747366
   0.705168188
    1.45194483
     1.3053714
    1.27689111
    1.75647378
    2.01055002
    2.20114136
     1.9256829
    1.57996476
    1.47378802
    1.89471912
    1.85219145
    1.36943233
   0.988351345
    1.83695745
    1.96303725
    2.09310079
    1.11117458
    1.51483321
    1.84773827
    1.77889991
    1.73624945
    2.03301764
    2.58542013
    2.79836583
    2.77789021
    2.48368645
    1.64453828
    1.81828892
    1.22579181
    0.91052407
    1.03455901
   0.630192518
   0.784804285
    0.69119972
    1.62699616
    2.39201045
    1.41386914
   0.933227897
    1.05324507
    1.80639446
    1.66712892
     2.2110002
    2.48744559
     2.0670352
   0.622944176
    1.40675652
    1.75677514
    1.37501872
    1.77622914
    1.34486437
    1.92546535
   0.915867865
    1.01269805
   0.528140068
   0.643663704
   0.811564863
    1.77631283
    1.55598676
    1.87060297
   0.852414072
    1.22294974
    1.76173663
    1.42868662
    1.42199004
    1.77005064
    2.76449656
    2.93049765
    2.17734504
    2.30084467
    2.75832319
    3.16358733
    2.47800326
    2.50251365
    3.07051516
    2.35285187
     1.8202424
    2.01341796
    2.32544589
    1.93138814
    2.42441893
    2.68283916
    3.22695756
    2.43673897
    2.43921447
    2.59624195
    3.14408422
    2.81607962
    3.00718832
    3.47269011
    1.63660073
    2.67011571
    2.95104003
    3.05462193
    2.37957954
    2.55559278
    2.91104889
    2.45254278
     2.4058609
    3.26591873
    2.54367971
    2.75220013
    3.63903618
     3.4278574
     2.9200983
    3.10881972
    2.15695429
    3.23940206
    3.03203654
    3.55691171
    3.16755414
    3.13969183
    3.48788953
    3.61621094
    2.66927958
    4.44410849
     4.2274518
    3.40867639
    2.61624455
    2.89020324
    3.20903921
    3.69178748
    3.36822963
     3.5625515
    3.14015293
    3.11149859
    2.85636282
    3.56096339
    3.14678097
      3.324718
    3.88334274
    3.76840615
    3.74365258
    3.12243724
    3.74651074
    3.44228315
    4.09601021
    4.39051104
     3.6258955
     3.4839406
    3.78276658
    3.62882209
    3.38392234
    3.25719213
    2.75022221
     1.5717237
    2.71809196
    3.24232435
     3.0709095
    4.11079884
    3.67543244
    3.28948498
    3.43566942
     3.5527823
    2.88398933
    2.37622762
     2.7185626
    3.11952019
    3.47357249
     3.8135345
     4.2781949
    3.21298838
    2.84996486
    3.03824258
    2.32418227
    2.71614671
    3.49219298
    3.44834256
    3.30217695
    3.39748883
    3.73479199
    3.24546337
    3.05407143
      2.723948
    2.80024409
    2.41735578
    3.02387238
     2.4698019
    3.17813706
    2.99430799
    3.51428199
    3.24738073
    3.56782913
    3.21413231
    3.11908937
    2.83600307
    2.67678404
    1.13399935
    1.23245454
    1.09778416
    1.40285015
     1.6949023
    2.08746696
    1.46368492
     1.8671459
    1.48418009
    1.23646891
    1.08327484
    1.12484753
    1.33845234
    1.24984407
    1.21388865
    1.37803388
   0.801441669
   0.763480961
   0.581189573
   0.735568523
   0.867849946
   0.453901112
   0.639731765
    1.10397899
    1.17232525
    1.12793708
    1.18831444
    1.18647611
    1.22192383
   0.896780968
    1.15713871
    1.10928512
   0.965924919
   0.884167731
   0.790893376
   0.854185939
   0.799304008
   0.566615641
   0.891887188
   0.921833813
   0.408846557
   0.250276476
   0.537623525
   0.691571236
   0.880763829
   0.676973939
   0.887383401
    0.32503739
   0.544628739
   0.355565429
   0.692319989
   0.705486536
   0.726833999
   0.265293419
    0.63370043
   0.403917253
   0.567171633
   0.391237497
   0.304265648
   0.504098892
   0.618465424
    0.35720709
   0.301891416
   0.410215914
   0.383597493
   0.520459652
   0.589172244
   0.572870374
   0.566534877
   0.501030743
   0.540080845
    0.35715279
   0.464663565
   0.579709411
   0.344362706
   0.473989576
   0.510258138
   0.384132475
   0.285758793
   0.282749653
   0.412841946
   0.379205287
   0.445871353
   0.459913433
   0.237063929
   0.294395566
   0.427253217
   0.445504636
   0.359841645
   0.337283731
   0.276094526
   0.274466872
   0.419708461
   0.396662921
   0.298969656
   0.214311779
   0.286879599
   0.227667913
   0.247609049
   0.315935224
    0.23798421
   0.330866933
   0.224609584
   0.278576553
   0.379609525
   0.281090736
   0.319512755
   0.392053097
   0.486824006
   0.366795957
   0.317051947
   0.353688866
   0.335379004
   0.319723427
   0.304710031
   0.248781547
   0.436116725
   0.406205803
   0.455947757
   0.461987674
   0.466477424
   0.399512231
   0.460825711
   0.469878495
   0.271952897
   0.469152153
   0.324559242
   0.300911009
   0.318139613
   0.426044285
   0.396986961
   0.233585775
   0.320103109
   0.283664554
   0.273042232
   0.239489987
   0.377750605
   0.305641979
   0.273548633
    0.49684158
   0.275378257
   0.584158838
     0.2647596
   0.537054718
   0.599238992
   0.553559184
   0.611490786
   0.562182009
   0.602396548
   0.581959724
   0.676137865
   0.576865673
   0.622591496
   0.610834181
    0.66371572
   0.555455983
   0.320040107
   0.518996239
   0.575395644
   0.749893188
   0.759643912
   0.727820694
   0.650054276
   0.443259597
   0.623757601
   0.454808652
   0.464706361
   0.542579234
    0.33304143
   0.603176653
   0.640083551
   0.725525916
   0.747770131
   0.350382388
    0.49270159
   0.747965872
   0.782245696
   0.684733629
   0.401719272
   0.458590537
   0.692749739
   0.688618243
   0.408474445
   0.758903801
   0.661453009
   0.727919638
     0.7159881
   0.774346173
    0.90960145
   0.952768147
   0.546255529
   0.547679186
   0.856616914
   0.420685261
    1.03473294
    1.03660536
   0.823918462
   0.747910619
   0.713466048
   0.512030482
   0.511290193
   0.813230276
    0.68172586
   0.621009171
   0.900571465
   0.613250434
   0.800996006
    0.85760355
   0.538006723
   0.904095709
   0.836563289
    1.19127691
   0.665659845
   0.757142007
   0.812406003
   0.756314337
   0.784673929
    1.12365496
     1.5027591
    1.59864521
    1.49587023
    1.56184483
    1.71334279
    1.58554256
    1.50353086
    1.46767366
    1.52323627
    1.50604057
    1.61012661
    1.54440212
    1.73223603
    1.21682715
    1.16544199
    1.10938466
   0.409178883
   0.513791025
    1.21845067
     1.3882606
    1.60155451
    1.73128283
    1.60242581
    1.10222471
    1.03100121
   0.994160891
   0.668097854
    1.43722641
      1.762954
    1.81654108
    1.88079333
    1.86380112
    1.12888062
    1.11237395
    0.84946686
    1.00974607
    1.18809688
    1.11940241
    1.05818665
    1.84292769
    1.88052642
    1.88837552
    1.91664481
    1.54452479
    1.52950597
     1.5579257
    1.07502687
     1.7378912
    1.94301653
    1.91296053
    1.94087064
    1.96057153
    1.99710083
    1.87277627
    1.51085067
     1.0575192
    1.07475007
    1.47731817
    1.21280479
    1.47400355
    2.05238175
    2.02201772
     2.0435276
    2.07463169
    2.00987458
    1.44656563
    1.28309369
     1.3758564
    1.87835789
    1.82358122
    2.00581026
    2.00133443
    2.06319904
    2.10690188
    2.06207585
    1.94481814
    1.99523187
    2.09037948
    2.09989452
    1.80957294
    1.95397711
    2.06439853
    2.11581731
    2.10329437
    2.13403678
    2.17175794
    2.07100511
    1.99794722
    1.83625698
    1.69388044
    2.07677245
    1.90410864
    1.64819992
     1.5298146
    1.64663494
      1.861642
    1.91493392
    1.75637281
    2.00253367
     1.9768399
    1.98540485
    1.92696667
    1.96718955
    1.91427219
     1.7554698
    1.24575138
    1.28951013
    1.84167612
    1.96378005
    2.01669502
    2.00978756
    1.81399751
     1.8176527
    1.88305628
    1.57752562
    1.29078686
    1.63135493
    1.80606985
    1.88684678
    1.90168595
    1.80076122
    1.79896224
    1.76714325
    1.75480211
    1.79029632
   0.595906854
    1.37265968
    1.40745461
    1.37740564
     1.3601315
    1.39636111
     1.4245646
     1.2613771
    1.29661036
    1.26470006
    1.24040186
    1.24223876
    1.22741389
    1.14777517
    1.17730463
    1.24742126
    1.16802001
    1.20709372
    1.25138819
    1.01413298
   0.637862504
    1.04684842
   0.816361547
    1.05057371
    1.07820833
    1.03570414
    1.06894267
    1.10620952
    1.11321449
    1.13287258
     1.0368849
    1.10891402
    1.06322002
    1.06245291
    1.05400252
    1.05216169
    1.03747189
    1.06486034
    1.06925714
    0.98066026
   0.789080143
    0.92235893
   0.407087207
   0.490494072
    0.42510438
   0.141480699
   0.889294624
    2.14411306
    2.38316226
    2.22374701
    2.16845393
    2.48873305
     2.3193686
    2.26307082
    1.80014026
     1.7315731
    1.69835544
    2.54389501
    3.04705381
    3.16560388
    2.22365379
    1.65563715
    2.28027272
    2.54663444
    3.29402351
     2.9711957
    2.80260134
    3.00606585
    2.46303511
    2.07807446
    2.38897419
    2.39301348
    2.90130424
    3.52906156
    2.99031258
    2.84991503
    2.81167936
    2.72489238
    3.13801122
     2.7021296
    3.04845691
    3.01403165
    3.40541124
    3.48681998
    2.95821047
    3.17116904
    2.67485762
    2.81498647
    3.13970971
    2.86975503
    3.08303332
    3.09286356
    2.95381093
    3.04766417
    3.03047919
    2.50781012
    2.66314864
    3.38364983
     3.0617125
     3.0401845
    2.44534588
    3.12798786
    3.13651633
    3.14476418
    3.83532572
    2.91825318
    2.79795051
    3.58831644
    3.35916281
    3.12570643
    2.97387028
    3.01700497
    3.50423622
    3.01092005
    3.29820418
    3.03035021
     2.7762506
    2.54995823
    3.09590673
    3.76510668
    2.30461526
    3.54089236
    2.32857728
    2.70788431
    2.44612074
    3.07351565
    2.99481153
    2.55930805
    2.62115431
    2.37532425
    2.79748273
    3.17919827
    2.51122785
    2.72004032
    2.22141147
    2.38747668
    2.30732465
    2.25786161
    2.21497893
    2.36141443
    2.18366385
    1.72148848
     1.3375479
    1.60697508
    2.30106974
    1.92156446
    2.45089316
    1.86354101
    1.63630092
    2.41758037
    2.30798244
    2.35513806
    2.20608282
    2.10802245
    2.10932517
    1.98953104
     2.0528965
    1.84358144
    1.28835368
   0.922149777
     1.3934176
    1.81942308
    1.90737939
    2.09621477
    1.95954454
    1.64226162
    2.36917472
     1.9469831
    1.75558913
    1.73507226
    1.87257612
    2.12600732
    1.71723521
    2.20207477
   0.980102003
   0.812004745
    1.17352486
    2.31557918
    1.83280337
   0.837794363
   0.827894449
   0.898066819
     1.1730665
    1.06573403
    1.21709979
   0.911337435
   0.824435055
     0.9274562
   0.636072874
   0.662558138
     1.3689363
    1.52640057
     1.2061758
     1.4281621
    1.11421144
    1.07035065
    1.02102339
   0.936832726
   0.405672371
   0.364037037
   0.660965562
   0.587270617
   0.392657101
   0.439767629
   0.527550042
   0.570802927
   0.525139987
   0.672623813
   0.887968242
   0.608286381
   0.475511014
   0.962752879
   0.764022171
   0.815904021
    0.55708158
   0.518945515
    0.41685909
   0.338138372
   0.588399768
   0.669184089
   0.757283807
   0.861043096
   0.617376447
   0.736596584
   0.745670319
   0.715105712
   0.436115324
   0.260107785
   0.502837598
    0.48176378
   0.606604874
   0.467607409
   0.239716917
   0.531283855
   0.351148576
   0.272351712
   0.248280987
   0.417583525
   0.641029239
   0.495497555
   0.349092096
   0.251555383
   0.506395042
   0.399859518
   0.248616397
   0.504839599
   0.439621925
   0.626424313
   0.454321355
   0.526840448
   0.492737293
   0.632800996
   0.547276378
   0.507240951
   0.442022681
   0.687608778
   0.539094746
   0.335816473
   0.311199039
   0.356138229
   0.309727818
   0.394912094
    0.29493618
   0.381487072
   0.330138296
   0.434990734
   0.529559374
   0.560135126
   0.447254598
   0.320255667
   0.470418602
   0.560131848
   0.403568149
    0.24167119
   0.374132842
    0.32926783
   0.553688049
   0.546946406
   0.550249994
   0.620067239
   0.607541263
   0.395916283
   0.435990244
     1.2126497
   0.736172199
   0.721679688
   0.703264356
   0.372319788
   0.359075367
   0.798804998
   0.703598022
   0.937956512
   0.441002935
   0.432344258
   0.488300562
   0.553800523
   0.759827673
    1.12377465
   0.708870411
   0.646562576
   0.898095071
    1.11258245
    1.01206398
    1.06410718
    1.08826005
    1.07422829
    1.05423582
    1.09912574
     1.1581111
   0.960776448
    1.08049262
    0.86052084
    1.10565174
    1.36514354
    1.31255913
    1.23365676
    1.30536723
     1.5586307
   0.998347461
   0.738699496
   0.714895368
   0.928870261
    1.02702177
    1.31234837
    1.40830994
    1.96754229
    1.50522065
    1.50217533
    1.93918264
    1.46641231
    1.52742553
    1.57491243
    1.65505803
    1.23920739
    1.90328217
    1.87491369
    2.11537266
    1.97449434
    1.63194478
    1.93920863
    2.39189863
    2.32276392
    2.19861317
    2.65393472
    2.13946414
    1.91132247
    1.72209466
    1.75973344
    1.96073794
    2.00494409
    1.63831651
    1.93285537
    1.96270728
    1.94883943
    2.17568231
     1.5513221
    1.71936524
     2.4910295
    1.97287321
    1.53580165
    2.36346364
    2.49085355
     1.7945888
    1.49774039
     1.0177995
    1.07215774
    1.04597378
    1.19394219
    1.65875649
    1.75327063
     2.0075593
    2.77611399
    3.04865766
    2.24852204
    2.35640883
    2.07474804
    1.71329558
    1.97104597
    2.77848172
    1.79986739
    2.35524178
    3.22206831
    3.05932426
    3.05060434
     3.4707396
    3.25161195
    3.32501411
    3.53716302
    2.75580239
    2.45744586
    1.77329636
    1.27681291
     1.5237025
    2.30502152
    3.33785701
    2.50527191
    2.83008146
    3.05493402
    2.84845924
    2.93219328
    2.74516797
    3.43346596
    2.45050883
    1.69070637
     1.1287303
    2.39503026
     3.7582953
    4.19287157
     4.0420022
    3.57977104
    3.29221177
    3.33848572
    3.25750566
    3.10763597
    2.03140855
    1.60176551
    1.44630134
    1.80963159
    1.71445513
    2.74716377
    2.19200325
    3.43462777
    3.29022479
    3.41587877
    2.18312097
    1.26772368
    2.17204738
    1.42551386
    2.67344642
    2.94422936
    3.68214917
    4.46773434
    4.30135632
    2.97210908
    3.06073999
    3.14658594
    2.99630427
    2.99698782
    2.78989124
    2.51286077
    3.06837106
    3.22633791
     3.3439877
    3.46527624
    3.65187621
    3.26962566
    3.34315896
    3.49134278
    3.16477442
    3.49352026
    3.72546721
    3.36741829
    3.76355028
    3.44965887
    3.31208587
    3.91378379
    2.95808625
    3.93685389
     4.0994978
    3.11558819
    3.18985033
    3.22288728
    3.07077026
    2.87294173
    3.04551864
    3.45618057
    3.33219218
    3.57030106
    3.64087725
    3.23724103
     4.2407093
     3.0884769
    2.71522856
    3.04269123
    2.99220014
    2.78171325
    3.18619728
    2.93733811
    3.09788299
    2.72357321
    3.03726602
    3.56440973
    3.40760303
    3.38449574
    2.82631516
    3.00844359
    2.30147338
    2.47110105
     3.2143321
    3.11857438
    3.09559178
    2.98701882
    3.43387246
    3.05628347
    2.99967313
    3.03426099
    2.99837327
    2.81372356
    2.87978888
    2.85829139
    3.14493275
    3.65873384
    2.97834754
    2.77888107
    2.55457354
    2.91188788
    3.27615738
    2.74716616
    3.53155804
    2.60855293
    1.99958837
    2.41946387
    1.75886106
    2.34396172
   0.920313776
    1.27861392
    1.52058148
   0.905637741
    1.30674624
    1.04191685
    1.40741599
    1.42197776
    1.96216071
    1.73894298
     1.6595521
    2.39920092
    2.46617866
    2.41749477
    1.73181319
     1.9797051
    2.13555574
    1.85043466
   0.721283019
     1.3953656
    1.49260688
    1.79009628
    1.67018247
    1.57980013
    1.44641101
   0.877572358
   0.958790123
   0.604506135
    1.15616381
    1.22801578
    1.68240082
    1.70637655
    1.56722403
    2.04593706
    2.12989759
    1.48156679
    1.27110112
    1.57761109
   0.514468908
   0.480080724
    1.14542687
   0.542353988
   0.584421813
   0.390693069
   0.485920787
   0.834474623
   0.891599476
    1.02179646
   0.908590496
   0.745781064
   0.616244316
    1.38211119
    1.10726798
    1.28541291
    1.32996595
    0.46224764
    0.84320128
    1.94154072
   0.949237764
   0.684630156
   0.654200137
   0.960883319
    1.21906936
   0.966686964
   0.877508163
    1.00144374
   0.644655526
   0.488930225
   0.632292032
   0.640807807
   0.560899317
   0.660488546
   0.570315838
   0.453223258
   0.408221275
   0.415112913
   0.394657165
   0.469404697
   0.628853083
   0.771870375
   0.186490014
   0.615146339
   0.717412293
    0.54731214
   0.433588713
   0.408919364
   0.438362032
   0.435565442
   0.432768345
   0.415200591
   0.240145847
   0.226157472
   0.903223991
   0.655789316
   0.466984719
   0.229226172
   0.222276822
   0.374986798
   0.500429988
   0.565440953
   0.354870111
   0.299449712
    0.25199458
   0.449771285
   0.309836239
   0.279435366
   0.362729162
    0.40018484
   0.300278574
   0.509673953
   0.409411281
   0.491995931
   0.410939217
   0.285762012
   0.189698607
   0.360900521
   0.462408066
   0.632904351
    1.20058334
    0.67220819
   0.279262394
   0.234614372
   0.268286675
   0.286269903
   0.907971203
    0.39073047
   0.290584147
   0.241383389
   0.252835721
   0.595273197
   0.808609247
   0.552496433
   0.284076631
   0.399853796
   0.467922866
   0.853149414
    1.00667846
   0.965774894
   0.683470011
   0.669590771
   0.831570625
   0.599099338
   0.806735158
   0.580061138
   0.381410927
   0.383840829
   0.539596796
   0.500741601
   0.393075705
    0.74645561
   0.677160084
   0.456657022
    0.94078207
   0.867626131
   0.696706951
   0.685647547
   0.407220721
   0.400924623
    0.21585229
    0.47189793
   0.946428657
   0.895339131
   0.698278725
    0.65674901
    0.52874887
   0.937502801
   0.920546591
   0.965181351
    1.15628564
    1.08121157
    1.15019977
    1.00166166
   0.623150587
   0.838095129
   0.369319469
    0.49756372
   0.273147315
    1.30125022
    1.48867118
    1.16479242
    1.16634369
   0.956596315
    1.03526604
    1.16485167
     1.0303663
    1.00075972
    1.40297568
    1.36698711
    1.03551042
    0.95068413
    1.05002749
    1.09109616
    1.14771593
   0.877332151
    1.33387876
    1.20035708
    1.32121885
    1.32037079
    1.00995421
    1.61728823
    1.08951235
    1.52130985
    1.31105483
    1.30679917
    1.29236376
    1.77148056
     1.6989404
    1.86390913
    2.16271734
    1.71544063
    2.20727015
    1.97961855
    2.40211153
     2.0958724
     1.0949502
     1.2704289
    1.55437875
    0.90513283
    1.21271539
    1.18484807
    1.32914603
   0.882831812
    1.46756244
    1.01138198
    1.55572367
     1.4993211
    1.81350899
    1.70882761
    2.27393103
    2.51587033
    1.95652282
    2.07716656
    2.22430682
    2.90992641
    3.04883671
     2.3681457
      1.887851
    1.38117599
   0.953319073
    1.67592049
    1.74039376
    1.31248868
    1.43114173
   0.996913433
   0.733459473
    1.82573652
    1.75676012
    2.01337719
     2.0993464
    3.07704759
     3.1664691
    2.85847211
    2.46759987
    2.26547265
    2.62719917
    1.56422496
    2.13256645
    1.83152473
      2.194561
    2.31283593
    2.29281783
    2.50734687
    2.67047048
    2.90625978
    3.47714448
    2.86201501
    3.48131466
    2.59473705
    3.21449661
    2.56737447
    2.54668856
    1.69342792
    1.44007599
    1.64218462
    1.55041802
    1.95524395
    1.64650607
    2.05574393
    1.97889435
     1.9511683
    2.37317133
     2.4451282
    2.58837128
    2.60224748
    2.64199567
    3.12449288
    1.48681033
    2.60053897
    2.19996047
    2.76109028
    2.99231243
    2.99497819
    2.87644219
     2.4602325
    2.40231991
    3.00011039
    3.67773247
    3.08331466
     3.1582396
     3.9505558
    3.37513685
    3.49479818
    3.97820497
    3.98935175
    3.42340374
    3.26753759
    3.09797215
    3.19914246
    3.48004246
    3.42614675
    3.55582952
    4.13278484
    3.43189192
    3.05541682
    3.58505297
    3.34219289
    4.12405348
    4.39589834
    3.14920926
    3.40241718
    3.93097615
    3.26853228
    3.61333203
    3.99942946
    3.37801337
    3.39801884
    3.63896513
    3.71984506
     3.4518857
     3.3306911
    3.05434728
    3.56408572
    4.39102364
    3.78091669
    3.15921116
    3.73475528
    2.92907858
    2.81418729
    3.10030389
    2.29682469
    3.10468221
    2.86760378
    2.85938144
    3.10765553
    3.62821555
    2.82214546
    3.00708103
    3.21256566
     4.4776268
     3.1460309
     2.8196702
    2.71288443
    2.94407606
    3.08981586
     1.1776849
    2.04285789
    2.04904747
    2.47771406
     3.0341239
    2.47274923
    1.00543022
    1.95167339
    1.74374127
    2.09282684
    2.17606831
      2.953372
    2.34059644
    2.46827984
    2.48475313
     1.3127526
   0.655591905
       1.44189
    1.62557137
     1.0628382
    1.23762894
    1.58309388
    1.05017114
    1.61272693
    1.79199135
    1.76106119
    1.53108633
    1.51508927
    1.92656553
    1.36229515
    1.91395628
    1.78406513
    1.94642377
   0.561270297
    1.39723432
    1.43895483
   0.881450593
     1.2324059
     1.6349057
   0.602424562
   0.712938547
   0.602107644
   0.924262881
    1.04784226
    1.00704682
    1.12442291
     1.0718652
    1.24717879
    1.16750145
    1.05594945
    1.24570882
    1.12415946
   0.813877761
   0.966469884
   0.871803701
    1.26907635
    0.99371928
     1.0866574
    1.14446747
   0.406178296
   0.343755484
   0.367998064
   0.890118718
   0.697700024
   0.708128512
   0.801847875
   0.491872758
   0.878115594
   0.670502365
   0.278424412
   0.601523399
   0.936971843
   0.373494893
   0.249493867
   0.601063132
   0.555318058
   0.482351929
   0.441238582
   0.584376574
   0.424530506
   0.211638242
   0.646220207
   0.337319523
   0.306527108
   0.374679238
     0.4053424
   0.329576492
   0.530874312
   0.300027281
   0.489369333
   0.258177221
   0.293779075
   0.170627803
   0.405096978
   0.298603088
   0.224215701
   0.271070808
   0.450327992
   0.415795267
    0.46239078
   0.170941606
   0.356752664
   0.392433405
   0.277981669
    0.39381811
   0.739663064
   0.611335635
   0.463800967
   0.498137295
   0.303596675
   0.221872568
   0.441104263
   0.250730783
   0.222900391
   0.229987711
   0.306960225
   0.443506926
   0.411361098
   0.413477004
   0.282323927
   0.295845628
    0.31431061
   0.267028242
   0.246509969
     0.3121095
    0.24546285
   0.204075724
   0.253630847
   0.367889315
   0.399208218
   0.342763752
   0.207105756
   0.181814596
    0.26400438
   0.211707041
   0.256735235
   0.208557025
   0.188622728
   0.226880431
   0.276022196
   0.275777996
   0.253673732
   0.373048872
   0.750659406
   0.848068297
   0.738229692
   0.795430005
   0.549309313
   0.392501116
   0.231445029
   0.257368833
   0.247496992
    0.22612083
   0.483568639
   0.536312461
   0.570257664
     0.4939619
   0.563064694
   0.745146096
   0.727458894
   0.907877207
    1.00967216
   0.490412086
    0.79123497
    1.07904994
   0.524286807
   0.231073573
   0.371064603
   0.270998359
   0.236922517
   0.666971087
   0.479699939
   0.462824434
   0.394647121
   0.257449448
    1.00539207
   0.775874436
   0.829362571
   0.770934165
   0.935197592
    1.41950226
    1.25484753
   0.942747295
   0.833786726
   0.858618975
   0.501313746
   0.590602815
   0.872368455
    1.03907621
   0.998954415
    1.19459295
    1.66270363
    1.12429929
   0.485581517
   0.363888323
   0.365593523
    1.00514388
   0.767154157
   0.854691148
   0.951587081
    1.35465717
      1.670645
    1.49907923
    1.50397527
   0.857438922
   0.819868505
    1.06163621
   0.780641019
   0.745070755
   0.337797999
    1.05569541
   0.887939632
    1.15177226
    1.96132874
    1.32471704
   0.424154431
    0.87758857
    1.66930091
    1.74118888
    2.20480323
    2.02657938
    2.12587905
    1.64133501
    1.85464513
     1.7138443
    1.57045972
     2.0039854
    2.49243569
    1.54859209
    1.42198384
    1.82332051
    1.06920159
   0.849213123
   0.865665495
   0.725796461
   0.997860968
    1.17746162
    1.43976331
    1.40009499
    1.85659707
    1.84394205
   0.898499906
   0.728356183
     1.1409694
    1.88021803
    2.05521798
    1.83385026
    1.89581895
    1.80525005
    1.52249944
    1.97724271
    2.13344693
    2.26566339
     2.8176384
    2.44047475
    2.08009124
    2.74356174
    3.15954328
    2.40428519
   0.978612125
     1.8782109
      1.489259
    2.23981118
    2.31962371
    2.32751226
    2.22017074
    2.56730843
    2.35906219
    2.27587843
    1.02893233
    2.15848732
    2.41104674
     1.8060956
    2.50298953
    3.55909896
    3.12746239
    2.65984583
    2.38687611
    2.35271144
    1.52038753
    1.69407451
    2.42045069
    1.40464079
    2.21836758
    2.65949869
    3.37241864
     3.0020051
    2.87136602
    3.47779298
    2.88786626
     2.9923501
    3.23173881
    2.98768139
    3.58308983
     3.6987555
    3.53676605
     3.0572679
    3.34465909
    3.08206034
    3.03845453
     4.0263319
    3.56887245
    3.29514933
    2.92241812
    3.09029269
    3.73720694
    3.10520291
    2.89558506
    3.72639894
    3.58925128
    3.28509521
    2.60534406
    2.66514707
     2.8699286
    3.16888165
    2.72001529
    3.12999749
    2.67059565
    3.32787776
     3.7472229
    3.44302011
    3.14635801
    3.31642389
    3.51993251
    3.20051932
    3.51375866
    3.16912293
    3.29318738
     3.1135006
    3.12445688
    3.77370954
    2.95353675
    3.85973978
    3.02856708
     2.9751308
    2.63346076
    1.73536313
    2.56857109
    3.45965385
    3.30998302
    2.25768089
    3.46430659
    3.06760883
    3.55226469
    2.82092571
    3.03275681
     2.7922945
     3.6932826
     3.2775867
    2.48603845
    3.30060983
    3.13970518
    3.12364149
    2.87450767
    2.97182918
    1.14398742
    1.22159505
    2.12465549
    2.54407525
    2.81443214
    2.74659777
    2.33531809
    2.81390548
    2.55257916
    3.02316093
     2.0060389
    1.00091112
    1.18545222
    1.33272779
    1.93026114
    1.79892564
    2.37255859
     2.5216105
    2.25406051
    3.13575459
    2.87799191
     1.9448154
     1.9357965
    2.35721612
    2.07303762
    2.42942047
    1.85403085
    2.18599987
    2.18280339
    2.28560829
    2.09854341
     2.3860414
    2.07299638
    2.46110773
    1.65227675
    1.58956444
    1.79314423
    1.51523578
    1.97792292
     2.1667738
    1.84314322
    2.02602649
    2.01520419
     1.8347739
     2.1081233
    1.83216214
    2.46582222
    1.97370386
    1.91441274
     1.9348042
    1.45951509
    1.70744061
    1.66393185
    1.73011613
    1.65847278
    1.61508012
     1.2512176
    1.50865769
    1.66199696
    1.25935423
    1.83897042
    1.09950972
    1.52208054
   0.968526721
   0.877722442
   0.587374628
   0.570608199
   0.746367157
   0.909475565
   0.550030828
   0.684344888
    1.00590658
   0.493548006
   0.289160818
   0.411689401
   0.420035332
   0.686247528
   0.784069598
   0.708062947
   0.595748067
   0.284320593
   0.526495278
   0.749354362
   0.982412815
     1.2279855
   0.630045533
   0.246475458
   0.408396453
   0.561737597
   0.590937197
   0.209616631
   0.377693534
   0.223310485
   0.356516898
   0.628939927
   0.330042958
   0.489278764
   0.376204431
   0.243559599
    0.28835842
    0.35684213
   0.325408667
   0.432851911
   0.437084496
   0.339348137
   0.284355432
   0.385741085
   0.333512127
   0.435974061
   0.221520275
   0.248656601
   0.180553928
   0.188718423
   0.272054642
   0.242311373
   0.233441517
   0.385148823
   0.232860252
   0.433254272
   0.277561992
    0.39673695
   0.259027958
   0.279400826
   0.177838445
   0.229728281
   0.516142309
   0.489669412
   0.361801624
   0.399174899
   0.460934281
   0.464716345
    0.35868144
   0.429015487
   0.190956056
   0.306452125
   0.238823041
   0.427159667
   0.291853547
   0.405920595
     0.3950077
   0.216961339
   0.252718002
   0.190610647
   0.252881646
   0.228697047
   0.563419878
    0.61589849
   0.358976215
   0.277266383
   0.489237189
   0.573300421
   0.597182989
   0.370401919
   0.617049098
   0.291890144
   0.510495365
   0.784977317
   0.585951805
   0.388260037
   0.632356703
    0.89089036
   0.948694348
   0.691411912
    1.14312005
   0.408168018
    1.15037274
    1.05434656
    1.16306269
    1.07126868
    1.18015206
    1.02076972
     1.0218569
   0.982977688
   0.924515188
    1.55380213
    1.44323087
    1.13761747
    1.08922958
    1.12061977
      1.184973
    1.13001251
    1.20309305
    1.12132466
    1.35728765
    1.20967269
     1.4200635
    1.57853949
    1.15248489
    1.59757185
    1.31030583
    1.37915921
    1.29767287
    1.45438826
    1.15226948
    1.48597753
   0.931013525
   0.685753107
    1.42291152
    1.26230299
    1.22525442
    1.74266756
    2.00118375
    2.18890834
    1.92205083
    1.52741253
    1.40831769
     1.8247937
    1.81488597
    1.34438765
   0.984330893
    1.83453119
    1.95344687
    2.09299493
    1.10693431
    1.44642389
    1.83800578
    1.71428156
    1.69731534
    1.99210632
    2.57218933
    2.79176712
    2.77095342
    2.47624755
        1.5869
     1.7648977
    1.17779565
   0.900267303
    1.00629199
   0.610519707
   0.769626737
   0.666102171
    1.54653955
     2.3515811
    1.40557563
   0.930691957
    1.03454721
    1.80257547
    1.66127145
     2.2110002
    2.47740149
    2.06345725
   0.612203538
    1.40228367
     1.7497927
    1.35209906
    1.77622914
    1.33330035
    1.92161739
   0.910795569
   0.994445682
   0.508842826
   0.617298722
   0.778216004
    1.76682556
    1.53727937
    1.86847854
   0.826298594
    1.18864703
    1.73407388
    1.38542163
    1.41693091
    1.73487008
    2.71753144
    2.86409688
    2.13412285
    2.22473764
     2.6880641
    3.11342788
    2.37235498
    2.39951491
    3.06599069
    2.26214838
    1.80734575
    1.96885431
    2.32059121
    1.83657777
    2.31336093
    2.57099938
    3.19085526
     2.3898313
    2.36597109
      2.511657
    3.06531429
    2.70034933
    2.88841534
     3.3817811
    1.61501002
    2.60058188
    2.83855844
    3.00343966
    2.34989238
     2.5449357
    2.89294887
    2.43221498
    2.39805746
    3.26410675
    2.54064512
    2.64921498
    3.61622286
    3.39174819
    2.88819647
    3.04385114
    2.09178066
    3.14582348
    3.00979137
     3.5556283
     3.0540092
    3.03241038
    3.37276077
    3.49727225
    2.57437897
    4.41813326
    4.20177746
    3.37055302
    2.59234834
    2.77833223
    3.10231352
    3.63178372
    3.32317591
    3.53306651
    3.05868316
    3.08026433
    2.74365592
    3.49786091
    3.05471897
    3.25229931
    3.82608676
    3.75519943
    3.69931793
    3.00950813
    3.64245057
    3.32039928
    3.98810625
    4.33175659
    3.53914833
    3.37061691
     3.6888783
    3.51258945
    3.29644775
    3.17786217
    2.72849131
    1.51178396
    2.64887094
    3.18412304
    2.95442224
    4.06275558
    3.62963367
    3.21553183
    3.36201072
    3.51996565
    2.86962914
    2.27423048
     2.6090169
    3.01580739
    3.38487911
     3.7936635
    4.27109861
    3.13319993
    2.76014638
     2.9861145
    2.29813266
      2.614815
    3.44964027
    3.38551521
    3.22965622
    3.36436057
    3.71061563
    3.16377068
    3.01183748
    2.69780445
    2.75369859
    2.32127714
    3.01566434
    2.41382408
    3.13391805
    2.95017242
     3.5074861
    3.24666691
     3.5669899
    3.20402479
    3.08697128
    2.80644822
    2.63513327
    1.07398558
    1.18448889
    1.05014181
    1.34436548
    1.62700713
    2.04133892
    1.40046418
     1.7998153
    1.39799774
     1.1640234
    1.02063119
    1.05996132
    1.25899398
    1.17669511
    1.14297163
    1.29713964
   0.758230388
   0.722933292
   0.554622233
   0.696637928
   0.819654822
    0.43551898
     0.6062904
    1.03685963
    1.10316026
    1.06192815
    1.11804712
    1.11627781
    1.14960945
   0.846001089
      1.089571
    1.04449582
    0.90972662
   0.833926082
   0.746870577
   0.805055857
    0.75396657
   0.538253665
    0.83904779
   0.867868483
   0.391769618
   0.244612485
   0.510788977
   0.653553009
   0.828826249
   0.640201569
   0.836218894
   0.314248025
   0.517379582
   0.342562467
   0.653564572
   0.663162351
   0.682681203
   0.258022904
   0.599158764
   0.386712193
   0.537788868
   0.373919219
   0.293233871
   0.476915628
   0.582027376
    0.34102416
   0.290860504
   0.390437543
   0.365860164
    0.49119249
   0.553765357
   0.538368642
   0.534739673
    0.47376132
   0.510772526
   0.341858864
     0.4402484
   0.546139836
   0.329300821
   0.446802825
   0.480543971
   0.365400761
   0.276122302
   0.273204058
   0.390601218
   0.358646005
   0.419416547
   0.432306439
    0.22764492
   0.279864818
   0.401472986
   0.418739885
   0.341335118
   0.320032388
   0.264389694
   0.263133913
   0.395769179
   0.373417407
   0.283537477
   0.206067622
   0.273060113
   0.219973519
   0.239330798
   0.301843196
   0.230821922
   0.315907657
   0.218841851
   0.268533736
   0.360334873
   0.270910323
   0.304864496
   0.371838987
   0.460021317
   0.348643392
   0.301271617
   0.335115761
   0.318636805
   0.305109143
   0.291968346
   0.240486458
   0.412133068
   0.383532047
   0.429830581
   0.434770465
   0.439431965
   0.377391219
   0.433597594
   0.442477584
    0.26241222
   0.443690509
   0.310704321
   0.288561583
   0.302750826
   0.402275205
    0.37623027
   0.226823255
   0.306352258
   0.274324358
   0.262817293
   0.231537253
   0.358135611
   0.292220235
   0.262403727
   0.469160348
   0.265348077
   0.550877512
   0.256457627
   0.506180525
   0.564855874
   0.523064256
   0.576384485
   0.531336129
    0.56663537
   0.547338426
   0.635510683
   0.543858051
    0.58585763
   0.573976994
   0.624315083
   0.523403764
   0.307156801
   0.489560932
   0.542607665
    0.70601809
   0.713728607
   0.684618354
   0.613720298
   0.422940046
   0.590260625
   0.434109807
    0.44249934
    0.51574409
   0.320189059
   0.568844616
   0.603412867
   0.683010876
   0.702921867
   0.335483521
   0.467709303
   0.705555439
   0.736527264
   0.649221778
   0.386361122
   0.439135402
   0.657084227
   0.653471768
   0.391978979
   0.717790723
   0.626697183
   0.688825011
   0.677902937
   0.730033815
   0.855726719
   0.897072673
   0.520990193
    0.52197957
   0.808709681
   0.403060645
    0.97337687
   0.976274788
   0.778942168
   0.708346844
   0.676153898
   0.489830852
    0.48974064
   0.769875765
   0.647416472
   0.592179418
   0.850471139
   0.584003091
   0.758135915
   0.810896516
    0.51354003
   0.854192972
   0.790231943
    1.12030876
   0.633283854
   0.718349516
   0.770528138
   0.720171571
   0.745254159
    1.06096983
    1.41443253
    1.50521266
     1.4088397
    1.47060978
    1.61268365
    1.49263191
    1.41466749
    1.38096619
    1.43407977
    1.41763926
    1.51523542
    1.45429623
    1.63027334
    1.15042007
    1.10035324
    1.04610503
   0.395611495
   0.493403614
    1.14905691
    1.30838692
    1.50693882
    1.62876785
    1.50898147
    1.04380822
   0.976541817
   0.942093253
   0.638121068
    1.35553396
    1.65837896
    1.70896101
    1.76954877
    1.75418758
    1.06773269
    1.05102849
   0.805553555
   0.956002593
    1.12152851
    1.05708909
     1.0019846
    1.73440993
    1.76946735
    1.77673864
     1.8033638
    1.45544887
    1.44249094
    1.46830165
    1.01776946
    1.63569629
    1.82784796
    1.79938662
     1.8252368
    1.84337294
    1.87772381
    1.76210129
    1.42491817
    1.00067735
    1.01711822
    1.39261305
     1.1457597
     1.3877604
    1.92712641
    1.89806259
    1.91767943
    1.94707417
    1.88701093
    1.36165392
    1.21061385
    1.29480815
     1.7612325
    1.71085608
     1.8811121
    1.87690914
    1.93662298
    1.97552633
    1.93343663
    1.82449865
    1.87222195
     1.9603709
    1.96931648
    1.69744027
    1.83287323
    1.93614209
    1.98428881
    1.97234881
    2.00255847
    2.03860044
    1.94211471
    1.87377191
    1.72243369
    1.58797431
    1.94715595
    1.78584337
    1.54739201
    1.43548012
    1.54468036
     1.7461257
    1.79561174
    1.64716101
    1.87755883
    1.85357261
    1.86158156
    1.80649507
    1.84435296
    1.79464149
    1.64616954
    1.17218208
    1.21171045
    1.72589087
    1.84092188
    1.89093542
    1.88445592
    1.70085621
    1.70367444
     1.7653538
    1.48006856
    1.21362782
    1.53030527
    1.69295657
    1.76900375
    1.78308809
     1.6879437
    1.68815219
    1.65719175
    1.64546084
    1.67887807
   0.563294172
    1.28769863
    1.32167947
    1.29222536
    1.27487743
    1.31426311
    1.34407973
    1.18245459
    1.21606767
    1.18606102
    1.16311157
    1.16443574
    1.15129769
     1.0762552
    1.10413516
    1.17042482
    1.09441853
    1.13127398
    1.17503142
   0.952299893
   0.602585971
   0.980935037
    0.76740706
   0.983985364
    1.01095963
   0.971661329
    1.00477803
    1.03975165
    1.04703617
    1.06586683
   0.975883782
     1.0438174
    1.00089574
    1.00025773
   0.992736936
   0.990877867
   0.977878094
    1.00398517
    1.00932109
   0.925462306
   0.746382177
   0.871088803
   0.391368866
   0.470202148
   0.407706439
   0.132402316
     0.8302719
    2.01014638
    2.25895262
    2.02879024
    2.03143215
    2.31736827
    2.13867307
    2.08391047
    1.67814732
    1.66772759
    1.59981894
    2.41039085
    2.86965179
    3.04321885
     2.0825541
    1.54674554
    2.23120332
    2.40532756
    3.15315366
    2.82915449
    2.66599584
    2.86889362
    2.33605814
    1.98073661
    2.27714801
    2.26329994
    2.78313732
    3.37950945
    2.85010266
    2.71577859
    2.67904449
     2.6211803
    3.13001251
      2.563555
    2.94711375
    2.92464542
    3.29593253
     3.3739543
    2.82375884
    3.04072142
     2.5465045
    2.74661684
    3.03191662
    2.73570156
    2.94565272
    2.95278144
    2.82681179
    2.91535115
    2.89740825
    2.38771558
    2.56565213
    3.24680328
    2.92557716
    2.94468307
     2.3296814
    3.05304623
    3.03092504
    3.04509401
    3.73180723
    2.79222178
    2.67508078
    3.51580667
     3.2402215
    2.99231482
     2.8522954
    2.89069462
    3.40329504
    2.93277001
    3.19164419
    2.90064979
    2.65356779
    2.44270277
    3.04074836
    3.75519967
    2.19169617
       3.49403
    2.21424007
     2.6924274
     2.3291676
    2.98766255
    2.88925195
    2.44372582
    2.53409982
    2.28493047
    2.67836285
    3.09844041
    2.39928365
    2.60758567
    2.12615323
     2.3039968
    2.22152352
    2.18225956
    2.13340092
     2.2580874
    2.08309674
    1.65056992
    1.26839185
    1.59987926
    2.23021507
    1.82760274
    2.37419081
    1.79217756
    1.57663453
    2.41047883
    2.23013186
    2.28573823
    2.14289212
    2.05230761
    2.05602455
    1.94610071
    2.00998855
    1.81085467
    1.26095641
   0.908755302
    1.37903047
    1.79416156
    1.88212097
    2.08054113
    1.93931198
    1.63052344
    2.36659122
    1.93118918
    1.74221969
    1.72540724
    1.86149037
    2.12395906
    1.70863724
    2.19210172
   0.971086323
   0.809580743
    1.16310835
    2.31438041
    1.82104862
   0.832841873
   0.822385788
    0.89384532
    1.16824448
    1.05990195
    1.20927274
   0.904016137
   0.819090784
   0.923296928
   0.633948922
   0.658831775
     1.3689363
    1.51088738
    1.19838989
    1.41619444
    1.10727024
     1.0661279
    1.02035785
   0.930049658
   0.394667208
   0.361312002
   0.655992866
   0.582040548
   0.387079418
   0.435869783
   0.522662044
   0.563659072
      0.520163
   0.667570829
    0.88062197
     0.6031937
    0.47145319
   0.959051311
    0.75674963
   0.804032326
   0.548786998
   0.513242364
   0.412531048
   0.335813582
   0.585996807
   0.660454154
   0.749633968
   0.858587086
   0.612598062
    0.73549217
    0.74545306
   0.713928998
   0.430609852
   0.256754965
   0.500679195
   0.478742748
   0.606143892
   0.461667806
   0.234351099
   0.530510068
   0.341493398
   0.268965006
   0.245041132
   0.414647311
    0.63855648
   0.485785693
   0.344837278
   0.249266073
   0.506205976
   0.397423416
   0.246484876
   0.502216041
   0.437377781
   0.618700027
   0.447991461
    0.52278465
   0.489381015
   0.629086256
   0.543414772
   0.504495919
   0.439366132
   0.679971933
    0.53887701
   0.333377123
    0.30963558
   0.352618396
   0.308247328
   0.392368257
   0.293769181
   0.379181117
   0.326296926
   0.432676256
     0.5247522
   0.559843361
     0.4391056
   0.317159414
   0.468769133
    0.55370003
   0.400458843
   0.238039702
   0.371777356
   0.325562686
   0.549731135
   0.543448687
   0.544395745
   0.619581997
   0.604384959
   0.387184709
   0.432176232
     1.2126497
   0.727490842
   0.720151901
    0.70122087
   0.364278853
    0.35376969
   0.792106569
   0.701948285
    0.93784529
   0.434982121
   0.427751541
   0.485813409
   0.550017536
   0.758244634
     1.1237576
   0.695613265
    0.64624685
   0.897203803
    1.11140943
   0.998858988
    1.05146646
    1.07383668
    1.06253517
    1.04309952
    1.09142601
     1.1465162
    0.95463562
    1.06630647
   0.855791688
    1.09351957
     1.3471117
    1.29467297
    1.21993589
    1.29545546
    1.54944837
   0.991858959
   0.731548369
    0.70851922
   0.926429689
    1.01361418
    1.31234837
    1.40247846
      1.967116
    1.48994982
     1.4927671
    1.91851592
    1.45869923
    1.51882637
    1.56576192
     1.6435163
    1.23380709
    1.88727546
    1.86210883
    2.10471654
    1.95807374
    1.62309015
    1.92470002
    2.38635683
    2.31528354
     2.1786499
    2.65235114
      2.122926
     1.8987788
    1.71498621
    1.75886333
    1.95895946
    2.00442839
    1.63254356
    1.91054583
    1.94380951
    1.93637848
    2.16797328
    1.53666365
    1.71605349
    2.48260283
    1.95689356
    1.52100742
    2.36310005
    2.48690104
    1.77904356
     1.4869076
    1.00682831
    1.05100536
    1.03089619
    1.18535805
    1.65389371
    1.73642051
    1.99050868
    2.75225258
    3.02259707
    2.23364091
    2.34599948
    2.06598854
    1.69254363
    1.96721435
    2.77848172
    1.77739191
    2.35390115
    3.21647167
    3.04192042
    3.02569914
    3.45695472
    3.22546601
    3.30939102
    3.53346276
    2.74741912
    2.44898891
    1.75789905
    1.26632595
    1.51163244
    2.28402758
    3.33592105
    2.44610238
    2.79483104
     3.0033145
    2.75635529
    2.81598902
    2.63066721
    3.35024834
    2.35213137
    1.57216167
    1.06087947
    2.34145594
    3.62752151
    4.11303234
    3.88635898
    3.32362366
    3.07057261
    3.11953735
     3.0108912
    2.86599135
     1.8777442
    1.49061275
    1.34642959
    1.70755482
    1.63474858
     2.7114675
    2.05043173
     3.3246634
    3.11100316
    3.24133778
    2.02828407
    1.24167895
    2.02726507
    1.37554038
    2.53381252
    2.85367346
     3.5775044
    4.33998346
     4.1861701
    2.83943939
    2.96924925
     3.0257864
    2.93683934
    2.87025905
    2.65264201
    2.42776036
    2.97401309
    3.10799098
    3.24030089
     3.3470006
    3.54820633
    3.15603709
     3.2742784
    3.39156246
    3.02624607
    3.34930706
    3.60185885
    3.23176575
    3.65790486
    3.33384752
    3.25155711
    3.79011083
    2.82363153
    3.86723161
    3.97653866
    2.98074174
    3.06498957
    3.16052794
    2.99025774
    2.80867028
    2.99690151
    3.31254053
    3.19321299
    3.46414781
    3.50358891
    3.12149763
    4.16985607
    2.96646118
    2.61779761
     3.0096333
    2.88906002
     2.6601398
    3.09219742
    2.82871509
    3.00161529
    2.60091686
    2.92913795
    3.46052003
    3.28272986
     3.2533989
    2.71320415
    2.89139009
    2.20811987
    2.40616107
    3.10381269
    3.01522684
      2.983325
    2.87854028
     3.3399086
    2.93446612
    2.87862492
    2.94206834
    2.94527864
    2.70730686
    2.76983976
    2.75678039
    3.03880119
    3.54182649
    2.86715007
     2.6980412
    2.48346806
    2.83944297
    3.20387244
    2.64077044
    3.45312142
    2.50477266
     1.9060359
    2.33044076
    1.71183467
    2.27755523
   0.917053163
    1.27629578
    1.51838696
   0.902589262
    1.30383253
    1.03844392
    1.40399587
     1.3909409
    1.96015561
    1.71472275
    1.63138926
    2.37144256
    2.43824482
    2.39059782
    1.71259308
    1.95909226
    2.12577319
    1.83538127
   0.717198253
     1.3896786
    1.48260164
    1.77945423
    1.66272092
    1.57637024
     1.4414537
   0.869425118
   0.953160286
   0.600385845
    1.14989638
    1.21266532
    1.67181492
    1.69577146
    1.55634224
    2.03478289
    2.12912798
    1.46800947
    1.25796032
    1.57644105
   0.507505059
   0.473299533
    1.14535511
   0.535836041
   0.576525986
   0.388887048
   0.482021421
     0.8303684
     0.8858971
     1.0145452
    0.90293771
   0.741659343
   0.611236572
    1.38102305
    1.10548675
    1.28541291
    1.32996595
   0.458444178
   0.843033016
     1.9415046
   0.949207664
    0.68018496
   0.650299251
   0.957440674
    1.21789742
   0.961239278
   0.877508163
    1.00142705
   0.637471199
   0.484599978
   0.624822676
   0.632500052
   0.559970796
   0.655820072
   0.564172089
   0.450913221
   0.404587686
   0.413823515
   0.391555548
   0.465860814
   0.628518999
   0.771757126
   0.183233768
   0.612652123
   0.714277923
   0.544235706
   0.428131044
   0.404009014
   0.432870686
   0.430752784
   0.429769397
    0.40999189
   0.238664538
   0.224223286
   0.903223991
   0.655338943
   0.462299138
   0.226927266
   0.217155203
   0.370542079
   0.496632934
   0.561743855
   0.350004584
   0.295211732
   0.248559102
   0.449771285
   0.307446659
   0.276301175
   0.361031353
   0.396726042
   0.296081454
   0.509673953
   0.407350928
   0.489811748
   0.407446235
   0.282274306
   0.187663853
   0.357958913
   0.459513634
   0.632707238
    1.20058334
   0.670635521
    0.27849853
   0.232772812
   0.266061366
   0.280923307
   0.907971203
   0.387893647
   0.283332646
   0.238809884
   0.251390725
   0.591115057
   0.806633711
   0.546184123
   0.282219857
   0.393878073
   0.462784827
   0.847816885
    1.00667846
   0.965563238
   0.677114367
   0.666775763
   0.828917921
   0.596441805
   0.796106339
   0.577015877
   0.379746825
   0.379624665
   0.537499607
   0.496465623
   0.388705581
   0.742695451
   0.675323963
   0.453610837
   0.930628061
   0.867373586
    0.69504714
    0.68435514
   0.404735118
   0.394924402
   0.211345658
   0.467461437
   0.941767573
   0.887188852
   0.690447509
   0.654768527
   0.525744379
   0.937026918
   0.917317808
     0.9563694
    1.15628564
    1.07284665
    1.14324892
   0.996365666
   0.616186321
   0.831266105
    0.36360532
   0.490312606
   0.269610941
    1.29108083
    1.48824894
    1.14472508
    1.16616821
   0.951818109
    1.01870465
    1.15406013
    1.01814663
   0.990028858
    1.39374709
    1.36680174
     1.0275774
   0.944124341
    1.03947508
    1.08280599
    1.14181995
   0.872228324
    1.32936156
    1.19179785
    1.30339062
    1.30897617
   0.998433113
    1.61715186
     1.0875504
    1.50633085
    1.30354381
     1.3049593
    1.28178716
    1.75877297
     1.6892345
     1.8420341
    2.13989186
     1.6915828
    2.20307469
    1.95225012
    2.40174532
    2.09292841
     1.0822767
    1.25514758
    1.54026425
   0.899661064
    1.19895947
    1.17326641
    1.31589675
   0.876786351
    1.45177913
    1.00129485
    1.54279613
    1.48787069
    1.80042124
    1.69906497
    2.25828481
    2.49568558
    1.94546032
    2.06422162
     2.2074976
    2.90962768
      3.048002
    2.34085608
    1.87010431
    1.37040281
   0.942881584
    1.66773748
    1.73261058
    1.30145299
    1.41914463
   0.977209151
   0.717419088
    1.76748204
    1.70255721
    1.93610096
    2.01560879
    3.03451538
     3.0821054
    2.74806523
    2.34282756
     2.1528151
    2.53157902
    1.51977491
    2.02549911
    1.75078189
    2.07783294
    2.13623405
    2.11242437
    2.30593896
    2.50102711
    2.72445297
    3.33136034
    2.66786766
    3.36308122
    2.43047023
    3.11320829
    2.42606449
    2.43467402
    1.56636441
    1.31184053
    1.51126432
    1.41808128
    1.83355379
    1.54429817
    1.93305957
    1.88228595
    1.83617508
    2.26256609
    2.33324909
    2.47038651
    2.47344875
    2.52533317
    3.02006364
    1.44199216
    2.49536347
    2.11060476
    2.63037682
    2.86031318
    2.87106466
     2.7768054
     2.3700273
    2.29459023
    2.86654377
    3.55132914
    2.95139503
    3.03569865
    3.87096882
    3.25116348
    3.38028646
    3.87670231
    3.92905831
    3.31719708
     3.1772778
     2.9810822
    3.08343601
    3.35049486
    3.32486105
    3.44538403
    4.06171083
    3.33546376
    2.93008924
    3.45558167
    3.20227981
    4.01806927
    4.33882427
    3.01590252
    3.30703306
    3.79630876
    3.15566707
    3.48616338
    3.91016793
    3.26108479
      3.300457
    3.51821089
    3.61384177
    3.32123065
    3.22458172
    3.00415683
    3.53176022
    4.35671806
    3.68458509
    3.03817034
    3.71947265
      2.839643
    2.69901347
    3.03004479
     2.2193749
    3.02364755
    2.78857565
    2.74272203
      2.989604
    3.57984948
    2.77424788
    2.91912723
    3.11418486
    4.47268438
    3.06706548
    2.72081041
    2.60320926
    2.85115194
    3.02518868
    1.13483441
    1.94847584
    1.95362782
    2.38692999
    2.98002958
    2.44794536
    0.95873934
    1.87693429
    1.65807903
    2.00709677
      2.095891
    2.88280535
    2.26290393
    2.39373183
    2.45407271
    1.27445459
   0.633624375
    1.39771819
    1.58207166
    1.04054224
    1.21243191
    1.55581832
    1.03991461
    1.60107708
    1.76289594
    1.73866236
    1.51858568
    1.50741661
    1.91791034
    1.35609019
    1.90416169
    1.77271426
    1.93816364
    0.55270201
     1.3913964
    1.42404509
   0.874291956
    1.22957897
    1.63489783
   0.594807446
   0.703657448
    0.59603411
   0.912940383
    1.03304696
   0.998851717
    1.10430574
    1.05327976
    1.23646176
    1.15865111
    1.04128158
    1.23367882
    1.11536872
   0.807960093
   0.958684504
     0.8642928
    1.25981975
   0.983134568
    1.08211124
     1.1359092
   0.403514296
   0.334688693
   0.357045263
   0.879095495
   0.692888975
     0.7040959
   0.795050859
   0.489783883
    0.87241137
   0.663502157
    0.26416707
    0.59535861
   0.933727145
   0.368793637
   0.247234389
   0.599299192
    0.55010891
   0.476244003
   0.438460141
   0.578972757
   0.418048739
   0.206736118
   0.639098287
   0.331551731
   0.302099049
   0.372469455
   0.399100184
   0.327961266
   0.526694894
    0.29743889
   0.484418958
   0.256013304
   0.291027814
   0.167694762
   0.401870996
    0.29588455
   0.223508179
   0.269352019
    0.44646731
   0.412650496
   0.456869513
   0.167547375
   0.351303577
   0.389875412
   0.277468026
   0.390903801
   0.735984683
   0.610531688
   0.460144907
   0.491263539
   0.299440473
   0.218622416
   0.437593222
   0.245888352
   0.221514821
   0.226169124
   0.305455625
   0.439226061
   0.403240085
   0.410831958
   0.279918432
   0.293985993
   0.310924709
   0.264617503
   0.245639011
   0.310456812
   0.244496688
   0.200037807
   0.245717719
   0.360635489
   0.393311888
   0.337957174
   0.205259234
   0.176631436
   0.258758932
   0.210882396
   0.254596293
   0.207265705
   0.186122179
   0.224685222
   0.273261338
   0.274019241
   0.251009345
   0.367942125
   0.750659406
   0.848068297
   0.738229692
    0.79541254
   0.538437724
   0.388976216
   0.229766697
   0.254319698
   0.245085612
   0.221537963
    0.47647655
   0.526672423
   0.556127965
   0.488597095
   0.561106622
    0.73886323
   0.724508107
   0.899875522
    1.00620461
   0.486330003
   0.786008179
    1.07124603
   0.516866088
   0.226264626
   0.365936816
   0.264944077
   0.227684334
   0.658201694
   0.471974164
   0.458221883
   0.388782084
   0.251406699
   0.997900546
   0.772694886
   0.822661698
   0.765330315
   0.926173389
    1.41896522
    1.25016689
   0.940493464
   0.827219427
    0.85540992
   0.492048711
   0.583788872
   0.859843016
    1.03027761
    0.98950696
    1.18618417
    1.65293694
    1.12368238
   0.478582233
   0.360121727
   0.360519022
   0.987015247
   0.751445115
   0.848477066
   0.947999954
    1.33843672
    1.65077353
    1.48084903
    1.49701238
   0.850864589
   0.809827924
    1.04581964
   0.773436725
   0.730372131
   0.331676632
    1.04510272
   0.875356972
    1.14652431
    1.94765055
    1.30573773
   0.418634087
   0.867376387
    1.65151978
    1.72785747
    2.18951273
    2.01689386
    2.10383701
    1.61982429
    1.82552958
    1.69033098
    1.56174695
    1.99200177
    2.48064446
    1.53593516
    1.41570139
     1.8116945
    1.05181086
   0.839140296
   0.857337892
   0.718990266
   0.988394022
    1.16440642
    1.42153192
    1.38115335
    1.83746898
    1.82938063
    0.89253062
   0.724544644
     1.1256206
    1.86768794
    2.03709865
     1.8168174
    1.88052619
    1.79431307
    1.50052917
    1.94465578
    2.11711335
    2.25252342
    2.80173755
    2.39933753
    2.03811669
    2.70280027
    3.15836215
    2.32941699
   0.945235372
    1.83079147
    1.42430961
    2.12400103
    2.20659208
     2.1993022
    2.09289527
    2.41312671
    2.22790575
    2.16799068
   0.957217395
    1.97868288
    2.28550863
    1.67545974
    2.32179546
    3.55909896
    3.10704422
    2.44867706
    2.20877647
    2.20363426
    1.44513261
    1.61355066
    2.29368329
    1.31197083
    2.13989639
    2.53865385
     3.2752552
    2.85446811
    2.75226808
    3.37386322
    2.76398873
    2.93069005
    3.13098431
    2.85810161
    3.48756981
    3.60169554
    3.45639873
    2.91983151
    3.20566034
    2.94903088
    2.91215801
     3.9016664
     3.4822886
    3.18478608
    2.78819919
    2.98278093
    3.65305543
    3.00197744
     2.7689321
    3.65048385
    3.49283957
    3.27156377
    2.52473235
     2.5653739
    2.74272799
    3.06948876
    2.66948414
    3.00290394
     2.5455091
    3.21589541
    3.67089033
    3.32936764
     3.0806725
    3.18736029
    3.42376876
    3.06224275
    3.38523912
    3.03500271
    3.16384578
     2.9898653
    2.99500394
    3.63690114
    2.82514977
    3.77488947
    2.89614916
    2.85509682
    2.59202671
    1.66143012
     2.4536128
    3.35082483
    3.24899173
    2.21955729
    3.39676619
    2.94119143
    3.42433691
    2.70364618
    2.91006947
    2.72264457
    3.60404849
    3.20836973
    2.37569594
    3.17415404
    3.05215788
     3.0110352
    2.75966811
    2.91450191
    1.13868856
    1.16726816
    2.04608583
    2.45182133
    2.75164413
    2.72572017
    2.22623563
    2.70729256
    2.45909166
    2.95999122
    1.96921444
   0.978025198
    1.12637722
     1.2853719
    1.88210225
    1.70649469
    2.27589941
    2.42761207
    2.15856767
    3.09063506
    2.85527682
    1.90491569
    1.86357641
    2.28954506
    2.00898981
    2.36658764
    1.81276131
    2.16121292
    2.14799237
    2.23192811
    2.05523491
    2.36237407
    2.04016972
    2.45292306
    1.63136959
      1.576648
    1.78342783
    1.50985861
    1.97001159
    2.15142155
    1.83321512
    2.01749229
    1.99918473
    1.82368946
     2.0956862
    1.82546103
    2.46073556
    1.97000158
    1.90320015
    1.92841327
    1.45197093
    1.69994903
    1.65795803
    1.72285175
    1.65028262
    1.60956717
    1.24635911
    1.49930596
    1.65914333
     1.2509104
     1.8380475
    1.09241819
    1.52003288
   0.963140726
   0.870922744
   0.583891392
   0.569253802
   0.741808593
   0.895982087
   0.546857417
   0.679642618
    1.00202596
   0.486161709
   0.284313291
   0.403829783
   0.415979475
     0.6769979
   0.777128935
   0.702333152
    0.59075588
   0.279664069
   0.521541536
   0.746407092
   0.977864742
    1.22462213
   0.629113078
   0.240423843
   0.404699415
    0.55704689
   0.584197879
   0.207869723
   0.375663012
   0.221232042
   0.351886839
   0.618172467
   0.326128572
   0.486329675
   0.372362792
   0.241678819
   0.287467808
   0.352753907
   0.324172944
   0.428248435
   0.428723961
   0.337741643
   0.280077338
   0.380194098
   0.329010755
   0.433107555
   0.220324025
   0.246317074
   0.177098259
   0.186838388
    0.26774621
   0.235175595
   0.228611737
   0.380478442
    0.22355184
   0.428359658
   0.275642753
   0.394546926
   0.255158633
   0.278579623
   0.174636185
   0.228319496
   0.510903358
   0.482811719
   0.360446155
   0.397857487
   0.455652773
   0.455351889
    0.35669592
   0.423810154
   0.188013971
   0.301131338
   0.235703006
   0.423703283
   0.288853794
   0.402678818
   0.386243492
    0.21359387
   0.247751758
   0.189711913
   0.251258671
   0.227978706
   0.560215414
    0.61062175
   0.356066704
    0.27362451
   0.484493673
   0.570324659
   0.592495322
   0.366880566
    0.61307776
   0.288679898
   0.503748238
   0.774330974
   0.582762659
   0.385348141
   0.626935244
   0.877414227
   0.938845277
     0.6864568
    1.14120889
   0.405519247
    1.14637172
    1.05147004
    1.15893924
    1.06986594
    1.17671609
    1.01880813
    1.02118385
   0.967944682
   0.911531508
    1.55136466
    1.44136953
    1.13185656
    1.08589351
    1.11631358
    1.18266881
     1.1113615
    1.19982457
    1.10905814
    1.34670866
     1.2015754
    1.41169262
    1.57347691
    1.14838052
    1.59402013
     1.3034544
    1.36614668
    1.28785515
    1.45213568
    1.14792514
    1.48014522
   0.923364103
    0.67392391
    1.41034436
    1.25491238
     1.2161932
    1.73188305
     1.9932462
    2.18077326
    1.91091168
    1.51980639
    1.40237749
    1.81223762
    1.80942512
    1.33931112
    0.98126173
    1.83249664
    1.94396317
    2.09236813
    1.10469413
    1.43794489
    1.83237958
    1.70620966
    1.69185805
    1.97970355
    2.56800842
    2.79086685
    2.77055335
    2.47292161
    1.57814097
    1.74898756
    1.17018747
   0.893363535
   0.998484552
   0.604859233
   0.760385931
   0.655603766
      1.538041
    2.34107137
    1.39563406
   0.925051749
    1.02939022
    1.80036473
    1.65634704
     2.2110002
    2.47286987
    2.06205058
   0.600887775
    1.39389062
    1.74192572
    1.33864665
    1.77237272
    1.32488728
    1.91479945
   0.906598568
   0.983892322
   0.507115185
   0.613271594
     0.7709952
    1.75441802
    1.52660608
    1.86690676
   0.816199243
    1.17113388
    1.71525383
    1.37240422
    1.41052556
    1.71642005
    2.70071697
     2.8357501
    2.11935306
    2.18703485
    2.63642406
    3.07030439
    2.29278111
    2.30840397
    3.04885697
    2.15133929
    1.77899957
    1.88206172
    2.31139278
    1.70378041
    2.14756703
    2.39013124
     3.0472393
    2.24701166
    2.19402862
     2.3408103
    2.84239483
    2.46074057
    2.64901614
    3.17797303
    1.52122509
    2.43533587
    2.62390709
    2.86221504
    2.25178957
    2.50245309
    2.78629422
    2.38649917
    2.37827826
    3.25474119
    2.52528024
    2.50384736
    3.54065537
    3.30427957
    2.80785513
    2.96319318
    2.01643229
    3.02103829
    2.95266986
    3.48476124
    2.91891694
    2.90837288
    3.24039817
    3.35819149
    2.46991754
    4.34504366
    4.14123106
    3.27096128
    2.55376601
    2.64057398
    2.97740269
    3.55051947
    3.22635818
     3.4699645
    2.95108747
     3.0278883
    2.61554766
    3.40061593
      2.937639
    3.16598487
    3.74199986
    3.68231821
    3.61459064
    2.87187481
    3.49669504
    3.17854285
    3.86677217
    4.23501062
    3.43752789
    3.23005629
    3.56223512
     3.3690958
    3.18277287
    3.08862829
    2.65246081
    1.44372165
    2.55343366
    3.08449221
    2.82255769
    3.98842001
    3.53420854
    3.11390519
    3.26206326
    3.44156766
    2.81514764
    2.16032314
    2.48650622
    2.88985562
    3.27919793
    3.76087785
      4.242311
    3.03141332
     2.6430459
    2.90464544
    2.22850084
    2.49484277
    3.38429356
    3.28507018
    3.14337444
    3.30657077
    3.64974666
    3.06049442
    2.93849683
    2.60898542
    2.68116355
     2.2123642
    2.98616338
    2.33527708
    3.06603289
    2.87787175
    3.47350407
    3.21681643
    3.55256939
    3.17042947
    2.99749804
    2.73335314
    2.54116964
    1.01092315
    1.13573658
    0.99882561
    1.28729057
    1.56386709
    1.99319899
     1.3368628
    1.73384345
    1.34512877
     1.1238178
   0.988004208
    1.02894473
    1.21912849
    1.14991331
    1.11610746
    1.27217615
   0.738740027
    0.70663029
   0.543376446
   0.687181532
   0.809422731
   0.430492938
   0.595621884
    1.02597654
    1.09659505
    1.05464566
    1.10779703
    1.11194181
    1.14496434
   0.838280618
    1.08647013
    1.03526568
   0.902634621
   0.826817811
   0.736128032
   0.800575376
   0.748234212
   0.528309226
   0.831863165
   0.857519448
   0.386677712
   0.244124353
   0.508655012
   0.651045084
   0.825193822
   0.638818264
   0.829193294
   0.311529964
   0.512843072
   0.342175722
    0.64508146
   0.649476945
   0.679690063
   0.254672498
   0.592507601
   0.378210187
   0.529887974
   0.370017231
   0.289687276
   0.471306831
   0.569575369
   0.335428149
   0.287794203
   0.388850033
   0.359324902
   0.480457246
   0.544082165
   0.532388091
   0.529577553
   0.468316674
   0.505491376
   0.339864105
    0.43556726
   0.542330265
   0.326835454
   0.440710366
   0.478530288
   0.363889366
   0.271895736
   0.271327674
   0.380268902
   0.352411777
   0.409524053
   0.423065871
   0.225802138
   0.277736932
   0.397569835
    0.41461876
   0.331508785
   0.312830448
   0.262803704
   0.261903048
   0.390248209
   0.369718134
   0.282645106
   0.203213438
   0.271319687
   0.215988919
   0.232728034
   0.294616491
   0.226680353
   0.312306285
    0.21717608
   0.266546428
   0.352593303
    0.26620549
   0.301766157
    0.37040323
   0.452748716
   0.340948105
   0.299586207
   0.332665622
   0.317309141
    0.29771021
   0.288990974
   0.236513212
   0.403483868
   0.379344732
   0.423936635
   0.432785213
   0.438576877
   0.376829177
   0.430569232
   0.441093922
   0.259422868
   0.437062114
    0.30669257
   0.281060934
   0.294265777
   0.392479241
   0.364513993
   0.220597237
   0.300886393
   0.267456412
   0.254958242
   0.227001637
   0.348692685
   0.280747026
   0.255951405
   0.455708653
   0.264028847
   0.543668985
   0.252455443
   0.499980241
   0.562412083
   0.517307281
   0.574016333
   0.517907619
   0.546271622
   0.540725172
   0.632336736
    0.53764683
   0.560019791
   0.564316273
   0.609890282
   0.520599544
   0.297625482
   0.466585577
   0.525678217
   0.691011906
   0.709979117
   0.678806484
   0.610486209
   0.418026567
   0.585168183
   0.431274772
   0.440285742
   0.506596208
   0.315799505
   0.559096992
    0.58695662
   0.673168898
   0.697207212
   0.325841665
   0.456502914
   0.691776872
   0.730057716
   0.646177173
   0.373997211
   0.433321893
   0.643010557
   0.636451125
   0.387402415
   0.704708993
   0.610325933
   0.665286899
   0.662064373
   0.705320239
   0.837087572
   0.888805568
   0.511619866
   0.512117505
   0.783963799
   0.400517255
   0.958615661
   0.963409007
   0.760830998
   0.698206425
    0.65840596
   0.478868604
   0.478877187
   0.756681263
   0.635251939
   0.577357173
   0.829450965
   0.577811539
   0.735299647
    0.79535991
   0.505923867
   0.841974497
    0.77152431
    1.10087657
   0.623923719
   0.701012433
   0.748889685
   0.707906783
   0.726633251
    1.03770113
    1.40473735
    1.49328208
    1.39528525
     1.4642899
    1.60161281
    1.48240387
    1.38235152
    1.36149204
    1.42513883
     1.3942697
    1.49643302
    1.44626987
    1.61341023
    1.14335585
    1.07827806
    1.01979601
    0.38464877
    0.48504132
    1.14097142
    1.29544806
    1.49033689
    1.61752224
    1.50204325
    1.03216898
   0.965877175
   0.931178689
   0.631017148
    1.34555244
    1.63437021
    1.66927898
    1.72483587
    1.68658447
     1.0227499
   0.989413738
   0.759353995
   0.881578088
    1.04450512
   0.982794702
   0.933150709
    1.59349704
    1.60956657
    1.60545838
    1.62088287
    1.29581618
    1.27248526
    1.27402031
   0.882692397
    1.41800439
    1.57986772
    1.56248116
    1.58873856
    1.61667764
    1.65887856
    1.56514621
    1.27058005
   0.901314557
   0.911656916
    1.24729896
     1.0360713
     1.2538861
    1.74718189
    1.72346437
    1.74857616
    1.78408992
    1.73312008
     1.2415241
    1.12342858
    1.19952476
    1.62826431
    1.58350992
    1.74534678
     1.7359376
    1.79251826
    1.82988286
    1.78833723
    1.68792474
    1.73240268
     1.8154763
    1.82926452
     1.5756973
    1.70053685
    1.79813957
    1.83949935
    1.83118951
    1.86263025
    1.89684701
    1.80458879
    1.74024045
    1.60118413
    1.47473764
    1.80818045
    1.65948069
    1.43735671
    1.33541703
    1.43514574
    1.61931443
    1.66829073
    1.53054953
    1.74302912
    1.72118342
     1.7272737
    1.67126465
    1.71223497
    1.66305649
    1.52549422
    1.08559895
    1.11952353
    1.60171247
    1.71206152
     1.7573216
    1.74763024
    1.56934524
    1.58061016
    1.63992584
    1.37357974
    1.12720728
    1.40935194
     1.5674783
    1.64323795
    1.65670657
    1.56956542
    1.57053041
    1.53616941
    1.52801931
     1.5593307
   0.527257979
     1.1970588
    1.22936499
    1.20143998
    1.18446708
    1.22544289
    1.25352097
    1.09734118
    1.12591934
    1.09982514
    1.07648706
    1.07862341
    1.06485796
   0.996864498
    1.02466583
    1.08678877
    1.01338279
    1.05022848
    1.09399867
   0.887472451
   0.564511478
   0.908707559
   0.714113057
   0.915346205
   0.946524143
   0.913217723
    0.94294554
   0.982855916
   0.995009661
    1.01666701
   0.932649553
    1.00159657
   0.963518858
   0.966541469
   0.962043405
   0.963770747
   0.954639316
   0.985136271
   0.993317425
    0.91139251
     0.7364797
   0.861351192
   0.386062086
   0.464974254
   0.403175503
   0.130950287
