#
   0.944435656
    2.24183512
    2.48146987
    2.60468096
    2.63660836
    1.92183185
    1.76669884
    1.90678334
    2.70613861
     3.4491663
    2.64900108
    2.31335783
    3.42863333
    3.53066707
    3.48259926
    3.53827167
    3.00348067
    2.47713971
    2.87671804
    3.51809533
    2.98572206
    3.16971707
    3.42582649
    2.98585081
    3.31431031
    3.60757348
     3.0823369
    3.88708758
    3.79614687
    3.35298315
    3.67366076
      3.756037
    3.66793656
    2.83223891
    3.16496205
    3.79425883
    3.12349183
    3.17617726
    2.97809529
    3.10908484
    2.56608844
    2.40009975
    2.62531257
    2.41310684
    1.45147502
     1.6096133
    2.54558531
    2.31592989
    1.90865684
    2.46386218
    2.56398736
    2.24213552
    1.56017649
    1.12652516
    1.70091844
    2.10279465
    2.16753557
    2.15691972
    2.06707406
    1.99891007
   0.826284885
    1.38335228
    2.33290434
    1.93930542
   0.857883513
   0.964568675
     1.0773617
      1.480811
    1.28577054
    1.29884636
    1.01521862
   0.944346189
    1.03089237
   0.699288964
    1.36519432
    1.56779126
    1.29972982
    1.17069292
    1.03535289
   0.445529521
   0.398303181
   0.747999668
   0.459866375
   0.483425379
   0.623427987
   0.627027571
   0.577846706
   0.895088911
   0.717686236
   0.518778801
   0.991150737
   0.918400228
   0.883603394
   0.601498246
   0.532115623
    0.46390301
    0.61228025
   0.724640191
   0.914796889
   0.908131957
   0.785071015
   0.737130105
   0.799525917
   0.624570459
   0.271326035
   0.501134753
   0.487161368
   0.621786952
    0.55625385
   0.263066143
   0.539956629
   0.393918574
   0.294709474
   0.277814627
    0.47225365
    0.65893501
   0.526512444
   0.367290169
   0.295753449
   0.509551048
   0.401969254
   0.284247726
   0.598296642
   0.533497334
   0.583903253
   0.625619829
    0.59229511
   0.776904285
   0.652276218
   0.559547305
    0.56891941
    0.36204493
   0.407811403
   0.357411265
   0.447629511
   0.333388954
   0.400923282
    0.49648201
    0.48715955
   0.575883016
    0.25947693
   0.452674985
   0.377318799
   0.659990221
   0.573250771
    0.61725682
   0.608723819
   0.454639256
   0.446831614
    1.20733237
   0.755201936
   0.718517065
   0.703845561
    0.40315038
   0.387360692
   0.845178604
   0.708946049
    0.93828696
   0.459603101
   0.469032913
   0.498648763
   0.554693997
   0.757540822
    1.11905456
   0.743174851
   0.646864176
   0.896342099
    1.11411643
    1.10313475
    1.12975442
    1.17824543
       1.20102
    1.20249033
     1.2555269
    1.10753298
    1.33920783
    1.39922369
    1.44544309
    1.72138417
     1.0278706
   0.754372239
   0.955615938
    1.16538298
    1.30642009
    1.41349125
    1.77976902
    2.05593324
    1.80741632
    2.03305483
    2.20301628
    2.19953775
    2.02025723
    2.40556978
    1.78278792
    1.98682022
    2.07699912
    1.73303425
    2.50611997
    2.24467111
    1.58203697
    2.35731053
    2.50893569
    1.82829309
    1.57132614
    1.07941711
    1.13044095
    1.06164038
    1.23988891
    1.70597029
    2.58455884
    2.16499591
    1.74856615
    1.97035873
    2.76858783
    1.90903008
    2.37363625
    3.40404987
     3.7878108
    2.85142422
    2.58730817
    1.86092412
    1.29662371
    1.60256362
    2.42466474
    2.97490788
    3.15444732
    3.13849568
    3.32656378
    1.82258785
    1.25569892
    2.47543502
    3.82784343
    4.21952915
    4.17716694
    3.32453474
    1.53582489
    1.86213183
    1.78026915
     2.7480948
    2.35040998
    3.52230048
    3.51651605
    1.63302445
    2.57900739
    1.91290021
    3.29721594
    3.44971609
    3.77450214
    3.49906349
    3.09960318
    3.47100389
    3.76792145
    3.75668693
    3.91022912
    4.15307856
     4.3038888
    3.73476535
     2.9595046
    3.10413313
    3.92368174
    3.97733903
    4.05278397
    3.70380265
    3.16626859
    3.43798113
    3.26625633
    3.35383463
      3.508084
     3.0207932
    3.74342346
    3.58302701
     3.2506063
    3.51337576
    3.41304511
    3.15522575
    3.70134664
     2.2908521
    1.36950922
    1.72864747
    2.07542871
    2.66240335
    2.22617006
    2.29006028
     2.1000042
   0.855556846
    1.63279009
    1.75781107
    2.07430458
    1.81100237
    1.63797295
     1.4542098
   0.932475984
    1.03634417
   0.684066951
     1.3320843
    1.54138446
    1.79140997
    1.82787609
     2.1369977
    2.02149588
    1.43801367
    1.09864727
   0.496566802
    1.14252281
   0.593874514
   0.615123868
   0.455263466
   0.550612569
    1.01740587
    1.07697988
    1.19348896
   0.976806998
   0.873820245
    1.02439252
    1.11696923
    1.30209249
   0.474534482
    0.84136188
    1.93516302
   0.770734966
   0.980136633
    1.03011322
   0.997464955
   0.646970133
   0.681215942
      0.562693
   0.674261034
   0.603176415
   0.546032846
   0.413836718
   0.427034706
   0.411018014
   0.553851575
   0.769232273
   0.202852264
   0.616677225
   0.645674944
   0.442418516
   0.419313461
   0.460207403
    0.48738122
   0.528202057
    0.36726892
   0.256283343
   0.898415029
   0.667008996
    0.35642888
   0.523222804
   0.622104466
   0.353105396
   0.313856184
   0.272546321
   0.386679515
   0.318810821
   0.421868384
   0.401249409
   0.314617872
   0.507636905
   0.409680963
   0.493166059
   0.428147674
   0.291804641
   0.200187489
   0.698861122
    0.69641906
   0.281543851
   0.266671062
   0.278113782
   0.297087103
   0.903706491
   0.449071765
   0.306850046
   0.262751222
   0.281367034
   0.608225644
   0.829120815
   0.618372858
   0.323479205
   0.439971298
    0.48787576
   0.884222806
    1.00150776
   0.968372524
   0.786901951
   0.687638819
   0.831588626
   0.603928745
    0.84911263
   0.759629309
   0.490995526
   0.402092934
   0.538754046
   0.476582661
   0.752998888
   0.687939584
    0.46520856
   0.987100601
   0.873599589
     0.6937114
   0.687545061
   0.360448385
   0.502555609
   0.971270025
   0.911167681
   0.678173631
   0.532930136
   0.933177233
   0.917585969
    1.01777554
    1.15116978
    1.10145462
    1.16890621
    1.16791201
     1.0173074
   0.664628923
   0.889116108
   0.818202013
    1.22563171
    1.17859137
    1.04668462
    1.18235052
    1.28678628
    1.38803113
    1.05634201
   0.951395571
    1.23060393
    1.20323718
    1.11565721
    1.19707608
    1.36806226
    1.46467304
      1.008515
    1.61492479
    1.09411347
     1.4360278
    1.82202256
    1.82650024
    2.23079443
    1.85701573
    2.30221653
    2.05486035
    2.39679432
    2.09929037
    1.11983919
    1.31115389
    1.57920778
    1.05127919
    1.29645002
    1.34309828
      1.551126
   0.969528139
    1.55573964
    1.12259662
    1.74163568
    1.93613207
    2.10783315
    2.51246691
    2.60016084
    2.12327623
    2.23105788
    2.69569814
    2.05843997
     1.4116267
   0.986823618
    1.70212483
    1.75422752
    1.38185537
    1.25234437
   0.778294146
    1.91573465
    1.96530557
    2.18528342
    2.34772968
    3.10266399
    3.24406528
    2.98753476
    2.72481132
    2.56210423
    2.72268701
    1.57765901
     2.2148068
     1.9287802
    2.29289317
       2.39765
    2.56760335
    2.75432897
    2.33277845
    2.24239421
     2.4820478
    2.60518521
     2.6370492
    1.92213356
    1.76682103
    1.90696335
    2.70639253
    3.44948816
    2.65383955
    2.31355739
    3.42881882
    3.53076124
    3.48261881
    3.53822112
    3.00338268
    2.47697806
    2.87671113
    3.51773624
     2.9852047
     3.1693871
     3.4211005
    2.98533344
    3.31367445
    3.60667065
    3.08180356
    3.88591242
    3.79491305
    3.35178289
    3.67222881
    3.75427127
    3.66620305
    2.83078241
    3.16318727
    3.79205394
    3.12111599
    3.17337346
    2.97657847
    3.10618564
    2.56325531
    2.37901115
    2.62320161
    2.41109482
    1.45015466
    1.60881913
    2.54298576
    2.31376553
    1.89280117
    2.46163034
     2.5609232
    2.23912144
    1.55852938
    1.12517226
    1.69921279
    2.09973693
    2.16413128
    2.15300345
    2.06330872
    1.99176971
   0.825425267
    1.38159096
    2.33017707
    1.93670642
   0.856802225
   0.963410914
    1.07565081
    1.47837341
    1.28343403
    1.29693818
    1.01340711
   0.943624854
    1.02904201
   0.698613822
    1.36361682
     1.5645235
    1.29654479
    1.16859555
    1.03329384
   0.444568425
   0.397766501
   0.746304095
    0.44696933
   0.482992917
   0.622091472
   0.625846565
   0.577016711
   0.893760741
    0.71612227
   0.518105984
   0.989634573
   0.916648984
   0.881830394
   0.600312173
   0.531133175
   0.463283509
   0.611428916
   0.723271906
   0.913454771
   0.906751335
   0.784146428
   0.736478746
   0.798716664
   0.616271377
   0.270959824
   0.500605822
   0.486666173
   0.621486783
   0.555237293
   0.262829542
   0.539720356
    0.39355278
   0.294445127
   0.277584761
   0.471982092
   0.658618152
   0.525904953
   0.366992325
   0.295542121
    0.50945127
   0.401802242
   0.284198463
   0.615187049
   0.533445179
   0.583872825
   0.625834286
   0.592473507
    0.77711904
   0.652555823
   0.559842944
     0.5691336
   0.362295419
   0.408268869
   0.357709199
   0.447629511
   0.333388954
   0.400923282
    0.49648201
    0.48715955
   0.575883016
    0.25947693
   0.452674985
   0.377318799
   0.659990221
   0.573250771
    0.61725682
   0.608723819
   0.454639256
   0.446831614
    1.20733237
   0.755201936
   0.718517065
   0.703845561
    0.40315038
   0.387360692
   0.845178604
   0.708946049
    0.93828696
   0.459603101
   0.469032913
   0.498648763
   0.554693997
   0.757540822
    1.11905456
   0.743174851
   0.646864176
   0.896342099
    1.11411643
    1.10313475
    1.12975442
    1.17824543
       1.20102
    1.20249033
     1.2555269
    1.10753298
    1.33920783
    1.39922369
    1.44544309
    1.72138417
     1.0278706
   0.754372239
   0.955615938
    1.16538298
    1.30642009
    1.41349125
    1.77976902
    2.05593324
    1.80741632
    2.03305483
    2.20301628
    2.19953775
    2.02025723
    2.40556978
    1.78278792
    1.98682022
    2.07699912
    1.73303425
    2.50611997
    2.24467111
    1.58203697
    2.35731053
    2.50893569
    1.82829309
    1.57132614
    1.07941711
    1.13044095
    1.06164038
    1.23988891
    1.70597029
    2.58455884
    2.16499591
    1.74856615
    1.97035873
    2.76858783
    1.90903008
    2.37363625
    3.40404987
     3.7878108
    2.85142422
    2.58730817
    1.86092412
    1.29662371
    1.60256362
    2.42466474
    2.97490788
    3.15444732
    3.13849568
    3.32656378
    1.82258785
    1.25569892
    2.47543502
    3.82784343
    4.21952915
    4.17716694
    3.32453474
    1.53582489
    1.86213183
    1.78026915
     2.7480948
    2.35040998
    3.52230048
    3.51651605
    1.63302445
    2.57900739
    1.91290021
    3.29721594
    3.44971609
    3.77450214
    3.49906349
    3.09960318
    3.47100389
    3.76792145
    3.75668693
    3.91022912
    4.15307856
     4.3038888
    3.73476535
     2.9595046
    3.10413313
    3.92368174
    3.97733903
    4.05278397
    3.70380265
    3.16626859
    3.43798113
    3.26625633
    3.35383463
      3.508084
     3.0207932
    3.74342346
    3.58302701
     3.2506063
    3.51337576
    3.41304511
    3.15522575
    3.70134664
    2.81129223
    2.49971724
    1.52731021
    1.36950922
    1.72864747
    1.41286588
     1.5739938
    2.26942833
    2.66240335
    2.22617006
     1.8839204
    1.63279009
    1.88103934
    1.63797295
     1.4542098
   0.932475984
    1.03634417
   0.684066951
     1.3320843
    1.32364488
    1.68818975
   0.496566802
    1.14252281
   0.593874514
   0.535193667
   0.550612569
    1.01740587
    1.07697988
    1.19348896
   0.832431118
    1.40211892
    1.24038474
   0.474534482
    0.84136188
    1.93516302
   0.918106437
   0.874042571
   0.997464955
   0.693991065
   0.560106695
   0.686812639
   0.681215942
      0.562693
   0.674261034
   0.603176415
   0.546032846
   0.413836718
   0.427034706
   0.411018014
   0.481759965
   0.625943184
   0.769232273
   0.202852264
   0.616677225
   0.716378212
   0.478901217
   0.460207403
    0.48738122
   0.420913299
   0.256283343
   0.592898477
   0.224415064
   0.395130575
   0.523222804
   0.487604931
   0.313856184
   0.272546321
   0.447475702
   0.325883329
   0.318810821
   0.421868384
   0.401249409
   0.314617872
   0.507636905
   0.409680963
   0.493166059
   0.428147674
   0.291804641
   0.200187489
   0.390926003
   0.575758576
   0.634637237
   0.609689161
   0.278113782
   0.297087103
   0.903706491
   0.449071765
   0.306850046
   0.262751222
   0.281367034
   0.608225644
   0.829120815
   0.618372858
   0.381725252
    0.48787576
   0.884222806
   0.855201936
   0.603928745
    0.80437097
   0.490995526
   0.402092934
   0.538754046
   0.511244059
   0.441921264
   0.752998888
   0.687939584
    0.46520856
   0.987100601
   0.665619656
   0.445588559
   0.228134021
   0.502555609
   0.971270025
   0.911167681
   0.698607743
    0.65773952
   0.532930136
   0.933177233
   0.917585969
    1.01777554
    1.15116978
    1.10145462
    1.16703355
    1.01391554
   0.663064778
    0.88552773
   0.385473371
   0.516007721
   0.295367897
    1.36857128
    1.20064031
     1.1794076
    1.18890953
    1.27630705
   0.951469183
    1.18287146
    1.27248359
    1.04678074
     1.3360157
    1.19540477
    1.36434233
    1.46304154
    1.00755012
    1.61389923
    1.09039903
    1.56636286
     1.3141433
    1.54167628
     1.8311822
    2.22660875
    1.85290599
    1.98643346
    1.30941916
    1.57761645
    1.05032384
      1.295151
     1.3405441
    1.25867432
    1.55358982
    1.12120306
    1.92801699
    2.51001406
    2.59779692
    2.32294521
   0.986056328
    1.70156205
    1.75199556
    1.40861732
    1.06805813
   0.777960241
    1.91579461
    2.07446706
    2.34690785
    3.10177326
    2.64096995
    2.21359348
    1.92786086
     2.2922647
    2.39657378
    3.09527314
    3.34429884
    2.72444439
    2.62943816
    1.82941484
    1.64182258
    1.88105583
    1.81454229
    2.13791863
    2.14563751
    2.35773206
    2.95423174
    1.84176266
    2.90517974
    2.52177048
    3.12699986
    3.47575903
    3.33188878
     3.7276268
    4.08053923
    3.71648166
    3.78224754
    3.86034369
    3.95293474
    3.76332402
    3.99802136
    3.88920572
    3.76550269
    3.85872388
    3.71959698
    3.32558918
    2.73745799
    3.42305043
    4.55959368
    3.38200855
    2.92301924
    2.34332085
    2.72150004
    3.28611732
    2.50639653
    1.06950426
    1.97017705
    2.15290046
    2.83769798
    2.76935291
     1.4747262
   0.734436989
    1.64613426
    1.60290819
    1.59619462
    1.85474372
    1.37226838
    1.90060127
     1.8735882
    1.80904004
    1.66839969
    1.72269225
    1.05692303
    1.74703407
   0.872563541
   0.918224752
   0.778481781
    1.23167018
    1.36149943
    1.28974617
    1.34496241
    1.18816888
   0.482844383
   0.732039809
    1.17626941
   0.890174195
    1.05039382
   0.508739308
