#
   0.947557688
    2.24988604
    2.48956275
    2.62248063
    2.42263007
    2.63104582
    2.77587533
    2.64638662
    1.92839646
    1.77220917
    1.91253054
    2.71376991
    3.45813823
    3.34292579
     2.7703166
    1.87153625
     2.3202517
    3.25969505
    3.61479378
    3.53858829
    3.48969722
    3.54546762
     3.0100553
    2.48357177
    2.88289738
    3.16799808
    3.41513562
    3.93888259
    3.69035029
    3.41759205
    3.52311754
    2.99422359
    3.17898822
    3.24279118
    3.33701158
    3.18180013
    3.55775523
    3.80275822
    3.75611854
    3.59000206
    2.97206521
    2.99386215
    3.32271671
    3.57698679
    3.71206546
    3.67104793
    3.55540609
    3.80896115
    3.89649773
      3.080199
    3.08909678
    3.89457822
    3.80243659
    3.21321702
    2.73696709
    3.21570325
    3.53992295
    3.48263669
    3.92932177
    3.56906796
    3.19251728
    3.68173766
    3.76214099
    3.82831192
    3.77940798
    3.84600806
    3.96147895
    3.24719119
    3.54751205
    3.59772182
    3.58461857
    2.83781528
    3.17185402
    3.80241513
     2.9454174
    3.64770436
    2.86555648
    2.79166389
    2.96906304
    3.29236746
     3.3941772
    3.18079329
    2.98388648
    2.79850793
    3.32027149
    3.41073775
    3.20706677
    3.32799053
    2.86297488
    2.86518693
    2.57007146
    2.38531327
    2.62939072
    2.87522507
    2.41600251
    1.96120644
     1.4547112
    1.61385107
    2.40972543
    2.48236108
    2.75610185
    2.31906581
    1.89874876
    2.46946096
    2.57929921
    2.70922709
    2.72112012
    2.76785851
    2.47834253
    2.38406682
     2.3339467
     2.2445035
    1.56278205
    1.12837696
    1.70418823
    2.10644031
    2.13860226
    2.19807959
    2.15924144
    1.93588805
    2.42146826
    2.15942717
      2.069309
    1.95667553
    2.07353473
    2.21956158
    2.07845497
    2.45020294
    1.21090436
   0.828323722
    1.38656163
    2.33663607
     1.9424206
   0.859396756
   0.966404796
    1.07890654
    1.48243928
    1.28734207
    1.30081391
    1.01670587
   0.946539223
    1.23023701
   0.834149837
   0.701502979
     1.3689363
    1.63079298
    1.45714796
    1.62119317
    1.30056083
    1.17351103
    1.06143939
    1.01350749
   0.446592689
   0.399508178
   0.827873945
   0.671052217
   0.448978394
   0.484864831
   0.624656856
   0.628273487
   0.579368412
   0.744388998
    1.04941487
    0.71890837
   0.520274937
   0.993705034
   0.920393109
   0.885318995
   0.602729738
   0.578451514
   0.488385588
   0.465215653
   0.613924861
   0.726271391
   0.916789949
    0.91029948
   0.787553966
   0.740037918
   0.802521706
   0.728541553
    0.51016295
   0.272326946
    0.50309515
    0.48912254
   0.624456823
   0.557704091
   0.263954103
   0.541822433
   0.395104945
   0.295610189
   0.278744251
   0.474077195
   0.661635339
   0.528404713
   0.368710279
   0.296899259
   0.512028217
   0.403886169
   0.285584271
    0.61789453
   0.535883725
   0.647307217
   0.525717974
   0.628462613
   0.595193207
    0.78025496
   0.659845471
   0.651156902
   0.562636971
   0.775610924
   0.546959221
   0.392596841
   0.363818347
   0.410047203
   0.359114408
    0.44941631
   0.334819078
   0.402825266
   0.382443517
   0.522541463
   0.607179642
   0.640463531
   0.477254122
   0.364866316
   0.489557624
   0.665245235
   0.492089927
   0.260825396
   0.454700261
   0.379028797
   0.672585309
   0.652740121
   0.575555503
   0.620359123
   0.611705184
   0.456480592
   0.448542207
     1.2126497
   0.758856058
   0.721844971
   0.706900716
   0.404719681
   0.388819098
   0.848560274
   0.712189317
   0.942433119
    0.46169126
   0.471228123
   0.500916004
   0.557243168
   0.761363864
    1.12447655
   0.746492684
   0.649446309
   0.900294662
    1.11881232
    1.10763657
     1.1346103
    1.18312049
    1.20590723
    1.20743084
    1.34203625
    1.33395517
    1.18699634
    1.17975748
    1.11191225
    1.25288558
    1.43611884
    1.40444994
    1.35965896
     1.5415374
    1.72741091
    1.24460411
   0.819422662
    0.75759232
   0.959636092
    1.17054355
    1.31234837
    1.41898799
    1.96757305
    1.65925622
    1.73080432
    2.06281328
    1.86018658
    1.81621468
    1.93738246
    1.91648674
    1.53531635
    2.03916883
    2.18222237
    2.23751783
     2.2062614
    2.02656198
    2.36001182
    2.69600248
    2.40779519
    2.46896315
    2.69557548
    2.42834926
    2.34196758
    1.91176128
    1.79035413
    1.99528766
    2.06477141
    1.72598612
    2.08934307
    2.26481605
    2.23419142
    2.44605279
    1.76668155
    1.73998702
    2.51505542
    2.25205231
     1.5890249
    2.36669087
     2.5185945
    1.83507872
    1.57768667
    1.08408403
    1.13535035
    1.06606615
    1.24476254
    1.71212721
    1.97934771
    2.31237245
    2.93112946
    3.23372626
    2.65855432
     2.4426825
    2.17340684
    1.75549841
    1.97780216
    2.77848172
    1.91620743
    2.38220358
     3.2789979
    3.25978708
    3.23940015
    3.50940275
    3.53350401
    3.66054034
    3.79781032
    2.85938716
    2.59499264
    1.86732113
    1.30119932
    1.60791838
    2.43345332
    3.33877897
    2.72589421
    2.88986039
    3.16410589
    3.14746428
     3.4676578
    3.31109881
    3.74184608
    2.81897712
    1.82867992
    1.26005101
    2.48289418
    3.83918905
    4.23065996
    4.18658304
    4.06198835
    3.86866474
    3.93901277
    3.81364036
    3.65659308
    2.29511356
    1.69331729
    1.54130566
    1.86816478
    1.78621686
    2.75666666
    2.35708308
    3.53044772
    3.80916095
    4.05997705
    2.70278573
    1.63671052
    2.58605266
     1.9171468
    3.30385518
    3.45638466
     4.0042882
    4.56676102
    4.58102274
    3.49310732
    3.35027289
    3.37251043
    3.11915874
      3.507658
    3.10743785
    2.66004038
    3.28710985
    3.59440207
    3.62579966
    3.73686457
    3.91930604
    3.51211476
    3.49805999
    3.77752233
     3.7658844
    3.99234366
    4.13889074
    4.03913975
    4.25541496
    3.77542329
    3.44509268
    4.03666878
    3.67177153
    4.16475487
    4.31510782
    3.89792824
    3.98475027
    3.64451575
    3.44400835
    2.96763253
    3.11229968
    3.81625819
    4.04728031
    3.98700643
    4.06151485
    3.83170748
    4.37403345
    3.67883468
    2.96589828
    3.17433548
    3.42017436
    3.33091688
    3.58487368
    3.27360749
    3.36156344
    3.17319393
    3.28958774
    3.71940351
    3.80547357
    3.88737869
    3.57877445
    3.61862683
    3.05392337
    3.02659392
    3.75051141
    3.75594378
     3.7787137
    3.46304035
    3.72240067
      3.728724
    3.80060148
    3.31877494
    3.15783763
    3.25858593
    3.52054095
      3.322294
    3.45754313
    3.97895575
    3.79694653
    3.15165329
    2.88626385
    3.22982812
     3.5438273
    3.16360831
    3.71029592
    3.36211658
    2.72107458
    2.92478466
    2.26463509
    2.50563669
    1.34367037
    1.64433038
    1.60706007
    1.37401402
    1.73502755
     1.4182955
    1.57986331
    1.86052573
    2.09182405
    1.99464071
    2.07976055
    2.79225016
    2.84045839
    2.67043376
    2.23269486
    2.35290027
    2.24156356
    2.10648155
   0.858150125
    1.63791919
    1.76410222
    2.08088374
    1.81694686
    1.64308846
    1.45848072
   0.935193479
    1.03957176
   0.686375678
    1.33676481
    1.32875979
    1.76504409
    1.79707658
    1.83382452
     2.1449635
    2.29566526
     1.7621851
    1.44400585
    1.65349185
   0.552364588
   0.498489618
    1.14716208
   0.596566856
   0.617615342
   0.457051605
   0.552596986
    1.02100515
    1.08099842
    1.19743145
   0.980064571
   0.876626134
   0.648929238
    1.40698421
    1.12103856
    1.28541291
    1.32996595
   0.476554871
   0.845239997
    1.94324565
   0.950155914
   0.694297075
    0.67767489
   0.984166443
    1.22642565
   0.998691916
   0.877508163
    1.00160027
   0.696619689
   0.562164783
   0.689727306
   0.684312224
   0.564947307
   0.677037299
   0.605641484
   0.548467636
   0.415725321
   0.429004937
   0.412806302
   0.483989865
   0.628853083
   0.772996247
    0.20388639
   0.619571269
   0.719425499
   0.577504218
   0.444501072
   0.421120226
    0.46215871
   0.489399642
    0.53051728
   0.466274947
   0.271333992
   0.257583827
   0.903223991
    0.67051208
   0.563427508
   0.247182056
   0.225687861
   0.396971852
   0.526096404
   0.625629663
   0.355039597
   0.315255553
    0.27376011
   0.449771285
   0.327298999
   0.320487589
   0.423992366
   0.403325617
   0.315863103
   0.509673953
   0.411525846
   0.495570838
    0.43019706
   0.293185085
   0.201079816
   0.392723471
   0.578463197
   0.637948573
    1.20058334
   0.700255871
   0.283136785
   0.268210083
   0.279647499
   0.298487574
   0.907971203
   0.451168984
   0.308361769
   0.263849825
   0.282637984
   0.610917866
   0.832562983
   0.621173799
   0.324927717
   0.441843808
   0.490035623
   0.888223231
    1.00667846
   0.973348677
   0.791158199
   0.691176832
   0.835558295
   0.606817484
   0.853176951
   0.763391435
   0.493542314
   0.404085159
   0.541557133
   0.513539791
   0.444013238
   0.756466806
   0.691192389
   0.467352688
   0.992302477
   0.878439486
   0.697631061
   0.691509843
   0.410033137
   0.448179066
   0.229391292
   0.505082846
   0.976156116
   0.915735066
   0.702063978
   0.661112845
   0.535382628
   0.937502801
   0.921504378
    1.02205455
    1.15628564
    1.10658967
    1.17138386
    1.01855099
   0.665874541
    0.88932687
   0.387138069
    0.51857239
   0.296871901
    1.37532794
    1.52356315
    1.22914958
    1.18195283
   0.988500953
    1.11224854
    1.18556428
    1.19491267
    1.16565621
    1.51031053
    1.39255047
    1.05980337
   0.955204427
    1.18753827
    1.27729917
    1.20678282
   0.895269752
    1.34131026
    1.20035708
     1.3705976
    1.46978378
    1.01210546
    1.62028444
    1.09520411
    1.57346213
    1.33134389
    1.30938947
    1.54872453
    1.82578707
    1.75577688
    1.93640518
     2.2354641
    1.86063015
    2.28238511
    2.05997515
    2.40270805
    2.10439754
    1.12289023
    1.31506515
    1.58441281
    1.05435288
    1.30006599
    1.34604394
     1.5551604
   0.972199798
    1.55925322
    1.12537456
    1.74593723
    1.77228284
    2.10987473
    2.11249304
    2.51765847
    2.60539913
    2.12145758
    2.23696089
    2.35715032
    2.92538476
    3.06309533
    2.46750879
    2.06546593
     1.4171418
   0.990336835
    1.70872986
    1.75973296
    1.38709557
    1.44202805
    1.07261539
   0.781388104
    1.92509198
    1.97390461
    2.19374204
    2.35627937
     3.1129899
    3.25385785
    3.03124142
    2.73154974
    2.56810331
    2.72886682
    1.58150196
    2.22068262
    1.93530202
    2.30067897
    2.40500855
     2.5753727
    2.76253176
    2.84123898
    3.18430161
    3.68996406
    3.30048299
     3.5904119
    2.88885903
    3.35308027
    2.73290658
     2.6376102
    1.83630109
    1.64811039
    1.88839412
    1.82158661
     2.1761539
    1.93350995
    2.32653022
    2.15358853
    2.36611676
    2.76511002
    2.74769711
    2.88823819
    2.94827771
    3.01349926
     3.4188478
    1.84730244
    2.91296172
    2.52858377
    3.13520741
    3.48417354
    3.44231343
    3.21035457
      2.837116
    2.77384996
    3.45220327
    3.98437524
    3.67798805
    3.73515677
    4.08911753
    3.69428492
    3.87054968
    4.31093311
     4.0998354
    3.59141803
    3.28862524
     3.5195508
    3.43323684
    3.79182124
    3.86940289
    4.10194206
    4.29998112
    3.54306698
    3.34256625
    3.79266262
    3.76880097
     4.3779211
    4.47860956
    3.77221012
    4.00670338
    4.13127041
    3.76898289
     4.1393733
    4.20212078
    3.54877782
    3.67187762
    3.88226414
    3.84564471
    3.77567697
    3.86750484
    3.47833729
    3.90839815
    4.67881966
    4.20620346
    3.45052838
    3.73475528
    3.15031385
     3.2264204
    3.33513093
    2.74493885
    3.30988789
     3.2576592
    3.39466763
    3.71681046
    3.90964031
    2.90733099
    3.29276657
    3.66112328
    4.56974792
    3.39094615
    3.16427064
      3.242764
    3.47114587
    3.44691563
    1.32863855
    2.34971166
    2.58656526
    2.86938834
    3.29368424
    2.51354361
    1.07354784
    1.97725594
    2.15964985
    2.59318376
    2.77973294
    3.06859779
    2.76313996
    3.02158833
    2.77616453
    1.47916365
    0.73721379
    1.65193677
    1.97486138
    1.24092197
    1.60104954
    1.85994732
    1.10554802
    1.64513874
    1.90458572
    1.87680042
    1.77360439
    1.89513576
    2.17277884
    1.49019694
    2.08938169
    1.94131982
    2.01613522
   0.573186874
    1.40976143
    1.48838198
   0.915581703
    1.27551877
    1.63529992
   0.682668328
   0.789776385
   0.657197058
    1.02061355
    1.13728392
     1.1280241
     1.1698947
    1.12313449
    1.26453185
    1.19956136
    1.17101812
    1.36583924
    1.33615625
   0.902032793
    1.07875049
   0.893397331
    1.28243423
    1.16324532
    1.33085859
    1.38609755
   0.421289504
   0.389007092
   0.398011833
    0.91001755
     0.8277542
     0.8612234
   0.922004938
    0.58578825
   0.933436036
   0.701236963
   0.308435261
   0.609455585
   0.961075246
   0.393865734
    0.27907595
   0.604627132
   0.569016457
   0.507388353
   0.527587712
   0.597407341
   0.462482214
   0.232612714
   0.657291174
   0.348557919
    0.33814922
   0.464813292
    0.45271486
   0.406914741
    0.55329138
   0.362529486
   0.540751874
   0.284619153
    0.30336234
   0.185779095
   0.413339525
    0.36542061
   0.299837112
   0.278972119
   0.458297372
   0.424756289
   0.470888317
   0.186979994
   0.411229283
   0.484999686
   0.346508831
   0.458738267
   0.766762733
   0.616377115
   0.486614555
   0.536706805
   0.346308172
   0.244521037
   0.448745638
   0.268702716
   0.245739251
    0.24332045
   0.406255901
   0.444350183
   0.446647108
   0.482232898
   0.317844361
   0.349205315
   0.321556032
   0.294293791
   0.282779366
    0.36822027
   0.282790333
   0.222847298
   0.272502601
   0.377560556
    0.40762046
    0.35293898
   0.228363797
   0.201135665
   0.297748446
   0.234934166
   0.296548843
   0.237004787
   0.211175457
   0.258293718
   0.315059811
   0.314103723
   0.287732661
   0.418269873
   0.750659406
   0.848068297
   0.738229692
   0.799538493
   0.591913402
   0.478638351
   0.269628197
    0.29278183
   0.281878144
   0.250816226
   0.503989935
   0.568305075
   0.600852489
   0.585355043
   0.751174152
   0.900171697
   0.977063656
    1.07382607
    1.06804943
   0.566572666
   0.869721532
    1.10067749
   0.581596553
     0.2422923
   0.383111894
   0.300050437
   0.254732341
   0.682026327
   0.514623344
   0.532666504
   0.430710524
   0.284447193
    1.02142727
   0.992546856
   0.965624213
   0.934516728
    1.12854159
    1.45617867
    1.28055072
   0.966733813
   0.846287489
   0.874330163
   0.556753576
   0.713873804
    1.01098239
    1.24199128
    1.08528495
    1.22427189
    1.70739794
    1.14338195
   0.536208987
   0.400813907
   0.391686827
    1.05361903
   0.801881135
    1.03512728
    1.23855603
    1.53238392
    1.83003068
    1.60190153
    1.54120994
   0.876229942
   0.913336992
    1.12689602
   0.790927529
   0.793406546
   0.376830608
    1.13415349
   0.966768563
     1.4813875
    2.19920254
    1.40414619
   0.466600627
    1.01574123
    1.89822662
    1.99358559
     2.3690486
    2.45860791
    2.26834393
    1.84211302
    1.93586886
    1.89355433
     2.0255909
    2.44455171
    2.55655837
    1.94625032
     1.7881248
    2.00469089
    1.14176285
   0.933410227
   0.942835391
   0.823386729
    1.10272467
    1.19562531
    1.52051377
    1.49450278
    2.15547609
    2.20590878
    1.03284574
     0.8324911
    1.24889863
    2.02956605
    2.12699723
    2.03638077
    2.17788553
    1.89995873
    1.57264197
    2.06575012
    2.46509814
    2.66873193
    3.10013819
    2.62816668
    2.39314461
    2.79588389
    3.16753888
    2.68300724
    1.18683994
      1.939996
    1.62315881
    2.61169958
    2.51645756
    2.60414529
     2.5111649
     2.9441607
    2.57122278
     2.4842422
    1.17039824
    2.51987815
    2.59925461
      1.888345
    2.59466672
    3.55909896
    3.12861347
    2.91299176
    2.62141132
    2.57575727
    1.59669816
    1.77592397
    2.59647012
    1.58589923
    2.38293171
    2.96651626
    3.52731586
    3.12810516
     3.1963017
    3.60785079
    2.99833512
    3.04498911
    3.30999613
    3.50424647
    3.96046662
      4.019835
    3.73130393
     3.3785975
    3.74743104
    3.88636446
    3.86237836
    4.40794849
    3.73456359
    3.36582994
    3.36065793
    3.51347685
    4.02924824
     3.3659668
    3.34371877
    3.90372252
    3.65135121
    3.33638763
    2.75380683
    2.90597391
    3.30733848
    3.47555494
    2.79752445
    3.26612592
    3.17079377
    3.80481005
    3.88664651
    3.51438546
    3.28679299
    3.44121647
    3.87022018
    3.47046447
    3.61621475
    3.50311995
    3.65157795
    3.49502468
    3.60225415
    3.91419172
    3.51334023
    4.22066879
    3.57778454
    3.52566719
    2.87523222
    1.83818054
    3.06033254
    3.65970087
    3.47240543
    2.32359695
    3.53906012
    3.36766267
      3.776366
    3.37121224
    3.71426606
    3.28258252
    3.94953799
    3.44987202
    3.02442074
    3.82113838
    3.43550348
    3.58690667
     3.5777235
    3.45889688
    1.23363459
    1.33906734
    2.33305645
    2.81333852
    2.93449402
    2.77414155
     2.7424283
    3.15545893
    3.00774765
    3.25515485
    2.12435842
    1.04386318
    1.37904692
    1.41654158
    2.00591207
    2.16942215
    2.80959868
    2.99976206
    2.76845241
     3.3841126
    2.94899058
    2.02457285
    2.37094617
    2.86335921
    2.50123858
    2.85501862
    2.19440198
     2.3563807
    2.30919743
    2.48482537
    2.55908632
     2.7724359
    2.42610407
    2.58877301
    1.99405813
    2.12476635
    2.55646563
     2.2575717
    2.29456568
    2.58738947
    2.30061793
    2.31602597
    2.15925503
     2.1465652
    2.26892185
    2.25950646
    2.75028968
    2.02033758
    1.95983505
    2.01183486
    1.87000191
    2.16526628
    2.17200565
    2.22415662
    2.13481283
    2.07458735
    1.79831421
    1.99435139
    2.12949753
    1.49993026
    1.88736415
    1.41290975
    1.71903121
   0.982714415
   0.894147098
   0.605072975
   0.572531879
   0.801941931
   0.987987936
   0.686270356
   0.871823013
    1.02315187
   0.529183269
   0.303812385
    0.43762058
   0.472412825
   0.722027361
   0.870043635
   0.836736321
    0.62967521
   0.309876859
   0.549985766
   0.755641043
     1.0232861
    1.27807963
   0.633080661
   0.267157465
   0.483795047
   0.670049071
   0.645265818
   0.226402491
    0.44458732
   0.244495526
   0.395384818
   0.668517053
   0.379660875
   0.583583057
   0.430454046
   0.282883763
   0.339120984
   0.427296191
   0.405023098
   0.458636314
   0.470439434
   0.427424252
     0.3064017
   0.418605328
   0.371406943
   0.528971136
   0.256763697
   0.288298339
   0.198143274
   0.209485903
   0.301429361
    0.25997287
   0.259820879
   0.406481475
   0.253683478
   0.457062751
   0.350418359
   0.510594785
   0.294242412
   0.324328393
   0.197313949
   0.266673028
   0.533900142
   0.562411606
   0.511485934
   0.557625651
   0.538043499
   0.490239233
   0.491740555
   0.489099652
   0.211382389
   0.326082855
   0.266424984
   0.502565384
   0.340303451
   0.467859119
   0.433311522
   0.251173139
   0.294000953
   0.218144313
   0.297130704
   0.277625322
   0.664223373
   0.679370761
   0.392147988
   0.300763011
   0.562346935
   0.724573791
   0.725374579
    0.41599074
   0.720738173
   0.328587323
   0.535095811
    0.84566474
   0.666296303
   0.423719168
    0.64971596
   0.929118454
   0.991350114
   0.855712473
    1.16894531
   0.429326892
    1.17461979
     1.1032995
    1.22408307
    1.08131063
    1.20174146
    1.03426373
    1.06995559
    1.00433147
   0.980301142
    1.58080411
    1.46830142
    1.21915066
    1.11019671
    1.19779265
    1.21582687
     1.1770556
    1.27773166
    1.20099473
    1.38127518
    1.41414225
    1.56926394
    1.69006085
    1.49642217
    1.76358902
    1.43141437
     1.4845854
    1.48629582
    1.67256331
    1.32427502
    1.54225945
   0.982305586
   0.730007231
    1.52243602
    1.43533421
    1.46493125
    1.79006004
    2.07281971
    2.28077769
     1.9594084
    1.73365891
    1.80033636
    2.12895918
    2.04531527
    1.48127306
   0.993614495
    1.84060264
    1.97813642
    2.09432936
    1.13492298
    1.78285253
    1.95592654
     2.1158936
    1.92760861
    2.19352007
    2.74343085
    2.91503596
    2.91666698
    2.62292147
    2.03347659
    1.91754961
    1.33099747
   0.921395898
    1.10462165
   0.659969866
   0.799541116
   0.720623314
    1.85242319
    2.48683381
    1.42774093
   0.938908637
    1.08140099
    1.80885577
    1.67100525
     2.2110002
    2.53593898
    2.07683253
   0.629684448
    1.41005373
    1.76602268
    1.39566517
    1.77622914
    1.36403286
    1.93405342
   0.924013138
    1.02858543
   0.574387133
    0.69145745
   0.871215582
    1.78726614
    1.58344114
     1.8740648
   0.880449712
    1.25160527
     1.7828021
    1.46488643
    1.42996526
    1.79582882
    2.83589697
    3.03591728
    2.36284089
    2.61093616
    2.91837382
    3.26375651
    2.80900002
    2.82423139
    3.09759355
    2.43728733
    1.83357704
    2.04231691
    2.33278799
    2.22266579
    2.79143691
    3.06189179
    3.31074142
    2.48052382
    2.56280494
    2.82496405
    3.32094264
    3.19296312
     3.4290297
    3.78561091
    1.72322333
    2.76059341
    3.23039365
    3.13237834
    2.42191958
     2.5698359
    2.95108557
    2.49996638
    2.43231106
    3.27425933
    2.56148791
    3.11306787
    3.72166014
    3.48326302
     2.9436028
     3.2497735
    2.41471529
    3.53383756
    3.12301993
    3.57291651
    3.47265291
    3.50759125
      3.897403
    4.06904697
    3.31866097
    4.68328905
    4.34082079
     3.4248333
     2.6564889
    3.19993567
    3.57639456
    3.89374352
    3.39007998
    3.57015753
    3.28258657
    3.15719652
    3.23487449
    3.72745085
    3.37065339
    3.56140924
    4.16417646
    3.86804008
    3.80039763
    3.43547535
    3.99938703
    4.07287216
    4.65824604
    4.71411991
    3.98766041
    3.71886158
    4.11929607
    4.04766989
    3.91850471
    3.70768714
    2.78758192
    1.82777572
    2.94027591
    3.49507809
    3.59454703
    4.30691099
    3.75933313
    3.48870635
    3.69530272
    3.68515468
    2.92679143
    2.83671594
    3.32634568
    3.71173716
    3.95369387
    4.13865423
    4.57617331
    3.39847279
    3.03790927
    3.15482759
    2.38419485
    2.97220397
    3.69655323
     3.6875236
    3.59981966
    3.72804666
    3.95471859
    3.56934595
    3.15316725
    2.73492527
    2.86385012
    2.79761267
    3.21776748
    2.61607671
    3.26650429
    3.06083918
    3.54990029
    3.31424522
    3.61405587
    3.30892229
    3.17379379
     2.9172492
    2.75504351
    1.35495579
    1.51028275
    1.19732988
    1.55107892
    1.86495793
     2.1761837
    1.54457247
    1.93305552
    1.69667745
    1.40462351
    1.22575784
    1.26932156
    1.51229835
    1.40554345
    1.36129034
    1.54134786
   0.885976076
   0.842923284
   0.629956126
   0.805648208
   0.956128597
   0.487524986
   0.701898336
     1.2296989
     1.3013953
    1.25100136
    1.31863987
    1.31563711
    1.35476971
   0.991274059
     1.2826463
    1.22936475
    1.06960166
   0.976179242
   0.871432424
   0.945108473
   0.883164942
   0.617929637
   0.989308059
    1.02071667
   0.439303547
   0.259713203
   0.585867167
   0.760807514
   0.975535154
   0.745161414
   0.982050955
   0.344612539
    0.59286648
   0.377700865
   0.761909008
   0.785413384
   0.807230115
    0.27722916
   0.693318963
   0.434033841
   0.620832384
   0.421997726
    0.32382226
   0.555006802
   0.688202143
   0.388439804
   0.322537631
   0.446389228
   0.415811419
    0.57461679
    0.65752399
   0.638368905
   0.625433326
   0.551444888
   0.593651891
   0.384160459
   0.509410501
   0.641964793
   0.372580349
   0.525583386
   0.566694796
   0.419435114
   0.303802311
   0.300682545
   0.454109222
   0.416377783
   0.494210392
   0.511339426
   0.253549039
   0.321340024
   0.477504134
   0.498146921
   0.395848483
   0.370581299
   0.298324496
   0.295577854
   0.466034263
   0.442004412
    0.32863456
   0.230581537
   0.312455654
   0.241590217
   0.262085766
   0.342385948
   0.251985341
   0.359987974
    0.23622784
    0.29781872
    0.41601482
   0.300877035
   0.348027468
   0.430636078
   0.536080182
   0.400516033
   0.348545194
   0.391107678
   0.369167805
   0.348441213
   0.330905497
   0.265313059
   0.481955051
   0.451035291
   0.508843541
   0.517284989
   0.520493865
   0.443241239
   0.513890326
   0.523486555
    0.29099384
   0.518157959
    0.35142827
   0.324391931
   0.347146928
   0.472087651
   0.437125891
   0.246218085
   0.346030593
   0.300186545
   0.287279129
   0.253073901
   0.413766444
    0.32926333
   0.294885397
   0.548386455
   0.294148505
    0.64724052
   0.280515641
   0.597543955
   0.665846646
    0.61296612
   0.680182338
   0.621080518
   0.671145201
   0.650281429
   0.755335271
   0.640899241
   0.693357646
   0.682754338
   0.738319278
   0.617730319
   0.344077677
   0.573455095
    0.63765955
   0.833332121
   0.846925378
    0.80925703
   0.717524886
   0.480547875
    0.68436569
   0.491580963
   0.505340517
   0.590950072
   0.355021417
   0.666253865
   0.710022509
   0.806779385
   0.832937121
   0.378290385
   0.538816273
   0.827169597
   0.866824448
    0.74871105
   0.427143425
    0.49035278
   0.753324032
   0.748585999
   0.437214732
   0.831438541
   0.722437918
   0.797347248
   0.782315135
   0.854792535
    1.01124942
    1.05650389
   0.591377795
   0.591273248
   0.942426383
   0.450482935
    1.14792764
    1.14652121
   0.903235197
   0.816078305
   0.779138863
   0.551596463
   0.549050093
   0.888610601
    0.74350518
   0.672770977
   0.992729306
    0.66458708
    0.87661624
   0.942063689
   0.579618871
   0.990236759
   0.920336902
    1.32540321
   0.726104915
   0.828228831
   0.889177263
   0.823386967
   0.856749058
    1.24029005
    1.66747355
    1.77130246
    1.65879905
    1.73215103
    1.89961219
     1.7594316
    1.67322409
    1.63223219
    1.68906391
    1.67145407
    1.78761554
    1.71217334
    1.92107832
    1.33852422
    1.28354537
    1.22485161
   0.434028387
   0.551299572
    1.34705627
    1.53711724
    1.77830172
    1.92200661
    1.77595532
    1.21157789
    1.13231981
    1.09089112
   0.723970354
    1.58915007
    1.95838046
    2.01796722
    2.08668613
    2.06166172
    1.23644328
    1.21985567
   0.923914611
    1.10755181
    1.31222868
    1.23591137
    1.16303504
    2.04465222
    2.08661914
    2.09504509
    2.12629294
    1.70739686
    1.68725944
    1.72207034
    1.18180263
     1.9285413
    2.16425824
    2.13802266
    2.17492318
    2.20130396
     2.2449255
    2.10658407
    1.69819462
    1.18510258
    1.20722258
    1.67533278
    1.37455904
    1.68658793
    2.36541867
    2.33755207
    2.36920428
    2.41090107
    2.33732796
    1.67828238
    1.48409724
    1.60683024
     2.2124207
    2.14550519
    2.36224604
     2.3579483
    2.42018676
    2.48237538
    2.43027306
    2.28946853
    2.34591246
     2.4624362
    2.47113633
    2.12628627
    2.29680943
    2.42900991
    2.49029756
    2.47531915
    2.50779891
    2.55076551
    2.43681073
    2.34897304
    2.15690088
    1.99180019
    2.44233775
    2.23876238
    1.93471074
    1.79825401
    1.93673253
    2.19069481
    2.25331163
    2.06476092
    2.35488296
    2.32496667
    2.33545375
    2.26815104
    2.31482196
    2.25258732
    2.06312919
    1.45305181
    1.51090586
    2.17450905
    2.31407022
    2.37182403
    2.36240649
    2.13543367
    2.14298868
    2.21778083
    1.85341918
    1.50949681
    1.91779125
    2.12947559
    2.22361183
    2.23882151
    2.11977673
    2.11030865
    2.07881308
    2.06495237
     2.1057229
   0.687870681
    1.61390626
     1.6503346
    1.61908674
    1.60231209
    1.62322676
    1.62777066
    1.48444223
     1.5251292
     1.4876498
    1.45823681
    1.46258068
    1.44356799
    1.35142219
    1.38630807
    1.46602404
    1.37831068
    1.42350924
    1.46875906
    1.18936825
   0.737832963
    1.23299515
   0.954772115
    1.23756325
    1.26419294
    1.20864356
    1.23988068
    1.27999771
    1.28276742
    1.30003107
    1.18601048
     1.2636435
    1.20887566
    1.20480645
    1.19161606
    1.18714917
    1.16599023
    1.19279504
    1.19125438
    1.08996868
   0.871055126
    1.01817584
   0.435622573
    0.52659595
   0.456673384
   0.157871693
