#
    2.95105743
   0.723897934
    4.59721899
             0
   0.046066761
   0.046066761
    2.17639327
   0.046066761
    1.86168599
     14.111064
             0
    7.79270887
             0
   0.046066761
             0
    2.38216352
    17.5607395
    23.6733246
   0.046066761
             0
    3.38680601
    24.5932388
             0
     3.2052443
    23.3223057
             0
    10.1167011
    2.65248895
    19.4530182
             0
    3.36259794
    24.4237804
             0
    3.31821609
    24.1131077
   0.239732817
             0
    2.80177331
    20.4980087
             0
    4.69405174
    2.45882297
    18.0973568
             0
   0.239732817
    7.98637486
             0
     1.5227704
    11.5449886
   0.046066761
             0
     1.8132695
    14.5468121
    3.72572184
    2.37005925
   0.046066761
             0
    1.00172484
    7.73623228
             0
    11.5369387
    1.27725017
   0.293358922
    1.14526033
    1.29108763
    4.20069075
   0.138316318
             0
    0.14754127
             0
   0.156766221
   0.548710823
             0
     5.4041996
    7.15180635
             0
   0.193666056
    1.93666053
             0
    2.32399249
     8.7149725
             0
     5.2289834
    7.35930967
             0
   0.193666056
    3.48598886
             0
   0.193666056
   0.387332112
             0
   0.193666056
             0
   0.193666056
             0
   0.193666056
   0.193666056
             0
   0.193666056
             0
   0.193666056
             0
   0.193666056
             0
    7.74664211
    2.32399249
   0.580998123
   0.387332112
   0.193666056
    5.03531742
   0.774664223
    1.16199625
    2.32399249
    10.6516333
             0
   0.193666056
             0
   0.774664223
   0.193666056
    12.3946276
   0.193666056
    1.54932845
             0
   0.193666056
             0
   0.193666056
             0
   0.193666056
             0
   0.193666056
             0
   0.968330264
   0.193666056
    1.74299443
    2.13032651
    2.13032651
    3.29232287
             0
   0.193666056
             0
   0.193666056
             0
    2.71132469
             0
   0.968330264
    11.8136292
   0.968330264
   0.580998123
    5.80998135
    3.67965484
   0.387332112
    11.0389652
    2.32399249
   0.387332112
     8.7149725
    5.61631536
             0
   0.387332112
    6.00364733
   0.774664223
    1.93666053
    4.64798498
    2.32399249
   0.193666056
             0
   0.387332112
    6.39097977
             0
   0.193666056
             0
   0.193666056
             0
   0.193666056
             0
   0.193666056
             0
   0.193666056
             0
   0.193666056
             0
   0.968330264
    5.80998135
             0
    2.71132469
    1.54932845
             0
   0.193666056
             0
   0.193666056
             0
   0.338915586
    2.37240911
             0
   0.482705832
    3.57714558
             0
   0.121974967
   0.545437038
     4.2692914
    3.01431441
    4.17209339
   0.100889355
             0
  0.0924551114
    4.54255724
    3.95734191
    3.95312476
   0.543612897
    1.21722698
             0
   0.820730984
    1.01439703
   0.812661529
    6.76789284
             0
    3.14472365
             0
    1.29682672
    9.96338272
   0.046066761
             0
    6.04971409
             0
   0.046066761
             0
   0.824765682
    6.65895557
             0
    1.20806301
    6.43704653
   0.046066761
             0
   0.893355727
    7.13908577
             0
   0.239732817
    2.95509219
     8.9829483
    5.08138418
    2.56372547
   0.046066761
             0
    1.40172911
             0
    1.12333417
     7.3932724
   0.433398873
             0
    1.70029759
    12.7876787
             0
     1.6518811
    12.4487638
             0
    1.87782478
    14.0303698
             0
     4.8877182
   0.627064884
             0
    1.32103491
    10.1328402
             0
    3.24155664
             0
    1.42190266
    10.8389149
             0
             0
             0
    7.94199324
    23.9146004
             0
    1.59942985
     12.081605
             0
    1.55908275
    11.7991753
             0
    2.17639327
             0
   0.857043326
    6.88489914
             0
   0.046066761
             0
             0
   0.699689686
    5.78342342
             0
   0.046066761
    3.91938782
  0.0170168523
    4.92645121
             0
             0
   0.919875085
    1.81688881
    2.37175941
    17.2805119
    39.8874893
    12.8675423
   0.120783098
             0
             0
             0
             0
   0.519498467
     10.596283
   0.144466281
             0
    3.64275503
    2.68057489
     16.940546
    8.07679081
     4.7325182
   0.187516078
   0.116199628
   0.658464551
   0.416382015
             0
  0.0193666052
   0.106516331
   0.300182372
   0.290499061
    3.20517302
   0.106516331
   0.290499061
  0.0290499069
             0
   0.358282179
             0
  0.0484165139
             0
  0.0484165139
  0.0484165139
   0.290499061
    3.19548988
    3.42788911
    8.77307224
    6.26509666
    24.5374889
             0
   0.290499061
    1.46217871
    1.56869507
   0.193666056
    2.03349352
    2.51765871
     1.7526778
             0
   0.474481821
             0
   0.183982745
             0
    4.09603691
             0
    1.54932845
    1.54932845
   0.193666056
    3.48598886
   0.774664223
             0
   0.774664223
   0.580998123
    1.35566235
   0.193666056
             0
   0.387332112
   0.193666056
   0.774664223
   0.774664223
             0
   0.193666056
             0
   0.193666056
             0
   0.193666056
   0.193666056
             0
   0.774664223
    2.32399249
   0.387332112
   0.193666056
   0.387332112
   0.193666056
             0
   0.193666056
             0
   0.193666056
             0
   0.193666056
             0
   0.193666056
             0
   0.193666056
   0.193666056
   0.968330264
    5.06436729
    7.46582603
    1.78172767
   0.319548994
   0.377648801
   0.193666056
   0.193666056
  0.0871497244
             0
   0.968330264
    2.80815768
   0.900547147
    2.19810963
     8.2308073
   0.193666056
    1.16199625
    1.83014417
    3.64092183
    1.22009611
   0.193666056
   0.193666056
             0
  0.0677831173
    16.4131985
   0.193666056
             0
    4.98690081
   0.580998123
  0.0193666052
             0
   0.193666056
   0.213032648
     2.8759408
   0.455115229
             0
  0.0290499069
   0.213032648
  0.0774664208
    7.34962654
    9.88665199
             0
   0.135566235
  0.0096833026
    9.02483749
    18.9792728
    4.31875277
  0.0476095714
   0.197700754
    8.44384003
   0.487139374
    2.92062259
             0
   0.554161906
    1.98058164
             0
   0.338501275
    2.49116874
             0
             0
    1.84273362
   0.877377689
     4.5600071
    8.30073547
    12.2819338
    1.03291035
   0.417767078
             0
             0
    3.70635509
    10.3975172
             0
   0.465676546
    4.14533138
             0
  0.0363834575
             0
    3.14472365
    2.32567763
    12.4108372
    2.42815924
      9.090271
   0.859464169
             0
    6.34989691
   0.452765465
    1.97304392
             0
   0.376912922
    3.53366947
             0
             0
             0
   0.481815368
             0
   0.520548582
   0.469711244
    4.18325758
             0
    1.33717382
    10.2458124
     10.891366
    3.09630704
    16.5270481
    8.06384087
     4.2389369
    3.98717093
             0
   0.484236211
    4.00411654
             0
             0
             0
   0.142899781
     6.3402133
   0.772314429
    13.5922003
    7.16732883
   0.355932444
             0
  0.0170168523
             0
             0
    1.54294395
     11.686203
             0
    1.74871409
    13.1265945
             0
     1.8536166
    13.8609114
             0
             0
    1.81730413
    13.6067247
             0
             0
             0
    1.66398525
    12.5334921
             0
    1.66398525
    12.5334921
             0
    8.76103878
             0
   0.776349187
    6.51370573
   0.046066761
   0.046066761
             0
   0.929668128
    8.36160278
    36.6489487
             0
   0.820730984
   0.046066761
             0
   0.263941079
    2.73318315
             0
             0
             0
             0
             0
             0
    16.2655983
    1.06281352
             0
   0.437740028
   0.829413295
    0.83375442
  0.0634313822
  0.0677725375
             0
  0.0401424654
    5.24925852
             0
    0.11118409
             0
    1.88022554
   0.335238248
   0.145913333
             0
    2.47858834
   0.739934981
   0.163277954
             0
    0.18064259
    1.55032945
    2.18408513
             0
    5.49043274
   0.300182372
   0.300182372
    5.48074913
             0
    3.63123846
    10.3998671
    7.50455952
   0.300182372
   0.580998123
             0
   0.300182372
             0
    3.57313871
   0.900547147
    4.24128628
    1.18136287
   0.290499061
    23.2108765
    8.95705509
    14.3216047
     7.3302598
    2.69195819
             0
    1.46217871
   0.580998123
             0
    19.9960194
    19.4440708
    13.2564411
    7.15596056
   0.290499061
             0
    4.44463587
    1.47186196
             0
   0.290499061
   0.300182372
    1.50091183
    2.44019222
    21.9423637
   0.610048056
    3.66028833
    1.48154533
    5.46138239
             0
   0.600364745
             0
   0.290499061
             0
   0.590681434
    10.8452988
   0.881180525
    1.76236105
             0
   0.290499061
             0
    3.43757248
    4.65766859
    2.09159327
    17.8850594
   0.600364745
             0
     4.8222847
    5.38391638
             0
             0
    2.07222676
             0
    1.17167962
    3.87332106
    2.67259145
    11.4456635
      3.263273
   0.900547147
             0
   0.338915586
    2.37240911
             0
    1.22009611
    1.78172767
    5.63568211
    7.58580542
    2.39933443
     4.6916008
    3.59148383
             0
    6.16354465
             0
   0.544593632
     4.2667613
             0
             0
    0.42316401
   0.142899781
    1.93431079
    6.99867773
    5.50744915
             0
    1.95367742
             0
    1.05313027
    1.11284387
    6.57422638
   0.046066761
             0
    1.29682672
    9.96338272
             0
     2.7961247
             0
    1.21209776
    10.6194258
   0.046066761
             0
   0.452765465
             0
  0.0557500646
     1.0434469
             0
   0.893355727
    7.13908577
   0.830414236
   0.849780858
             0
   0.249416113
    2.99382544
    11.7233229
             0
   0.636748195
             0
   0.929668128
     7.3932724
             0
    1.70029759
    12.7876787
             0
     1.6518811
    12.4487638
             0
    1.87782478
    14.0303698
             0
    1.32103491
    10.1328402
             0
   0.046066761
    4.83930159
             0
    1.42190266
    10.8389149
             0
    1.16368127
    9.03136444
             0
    7.87985849
    2.02146053
             0
    1.59942985
    12.2849541
             0
    2.39910936
   0.046066761
             0
     1.9560982
    11.7991753
             0
   0.857043326
    6.88489914
             0
    1.02408028
             0
    1.84716105
             0
   0.704302132
    5.79264832
             0
   0.177498206
     1.8282721
             0
             0
    3.34119773
    8.69099331
    1.41376221
    4.61893511
    1.81077754
   0.193666056
   0.193666056
             0
    1.98507702
    1.17167962
    6.07143068
    15.0672188
             0
   0.397015393
   0.193666056
             0
   0.387332112
    9.46058655
   0.580998123
   0.397015393
   0.193666056
             0
    2.42082572
    5.81966496
   0.193666056
             0
    9.20882034
   0.774664223
    1.38471222
   0.387332112
             0
   0.193666056
   0.193666056
   0.193666056
   0.193666056
   0.193666056
   0.193666056
             0
    2.83720756
   0.193666056
             0
   0.193666056
             0
   0.387332112
             0
    3.17612314
             0
   0.803714097
    2.45955873
    3.87332106
   0.203349352
    1.86887741
   0.203349352
             0
   0.193666056
   0.203349352
             0
   0.193666056
             0
   0.203349352
             0
   0.193666056
             0
   0.193666056
             0
   0.193666056
   0.193666056
   0.406698704
    1.59774494
   0.387332112
             0
   0.387332112
             0
   0.397015393
             0
   0.580998123
             0
   0.193666056
    2.16905975
   0.387332112
   0.193666056
             0
   0.193666056
   0.193666056
             0
   0.193666056
   0.193666056
   0.600364745
             0
   0.193666056
             0
    3.57313871
             0
   0.193666056
   0.193666056
             0
   0.193666056
             0
   0.193666056
             0
   0.193666056
   0.193666056
    1.17167962
   0.803714097
   0.193666056
             0
   0.193666056
             0
    1.00706351
   0.203349352
             0
   0.193666056
             0
             0
    0.16396378
             0
    0.74342531
    5.70674229
             0
    2.33820224
    3.51534796
    12.4923935
    6.66851187
   0.113540724
   0.506339014
    1.75126791
    0.71093744
    1.50075114
   0.102138408
    4.35857439
   0.510086179
             0
   0.277322084
    1.51418161
    1.30661511
    2.28041148
  0.0684014335
             0
  0.0599671863
             0
    11.5401468
    4.61012983
     9.1806488
    9.39045334
    4.61658573
   0.259099424
   0.646431506
   0.046066761
    10.4749832
    4.04527092
    3.59983873
   0.582683086
    4.60609531
    8.63515568
             0
   0.376912922
    3.52398634
    2.64119172
    1.05313027
    6.54356289
             0
   0.249416113
             0
   0.469711244
    4.17357445
             0
     5.8173151
   0.046066761
             0
    1.33717382
    10.2458124
   0.046066761
             0
   0.445502996
    4.00411654
             0
  0.0557500646
             0
   0.897390425
    7.16732883
             0
    1.54294395
     11.686203
             0
    1.74871409
    13.1265945
             0
    2.65733075
    20.1841087
    6.19496393
             0
    1.81730413
    13.6067247
             0
    1.66398525
    18.1401253
             0
    1.66398525
    12.5334921
             0
   0.776349187
    6.52338934
             0
    29.9190559
   0.046066761
             0
   0.929668128
     7.3932724
             0
    4.54396057
    2.73318315
    17.3888607
   0.249416113
             0
   0.249416113
             0
  0.0750929788
    1.51921332
    4.06803703
             0
   0.119866408
    2.73082471
             0
    20.5762348
    30.1398048
   0.931430399
   0.162916198
             0
   0.181366116
    2.18227649
    4.52210236
    14.4378042
   0.203349352
             0
    14.2344551
             0
    1.41376221
    1.18136287
    2.37240911
    6.46844625
             0
   0.193666056
    1.20072949
    7.89189148
   0.193666056
    1.99476027
   0.397015393
             0
   0.193666056
   0.193666056
   0.590681434
    2.54670858
    1.95602715
   0.397015393
             0
   0.600364745
   0.193666056
   0.193666056
     4.6964016
    13.1499252
   0.590681434
   0.193666056
   0.193666056
   0.193666056
    3.30200624
   0.193666056
             0
   0.600364745
   0.203349352
   0.387332112
   0.387332112
   0.387332112
             0
   0.193666056
             0
   0.193666056
    1.80109429
    20.8965664
    1.81077754
    2.44019222
             0
    1.17167962
   0.590681434
    1.42344546
    1.59774494
             0
   0.193666056
    3.61187196
   0.193666056
   0.193666056
   0.193666056
    1.61711156
   0.193666056
    2.59512496
             0
   0.193666056
   0.193666056
   0.193666056
   0.193666056
   0.193666056
   0.193666056
             0
    1.37502897
   0.193666056
    1.17167962
    5.91649771
   0.193666056
   0.193666056
   0.193666056
    2.44019222
    2.00444365
    7.74664211
    15.9580822
    2.80815768
   0.406698704
     11.329464
    2.39177561
             0
    2.91467404
   0.193666056
    5.64536524
             0
   0.193666056
   0.193666056
   0.193666056
    6.11016369
   0.203349352
             0
   0.193666056
   0.193666056
   0.203349352
   0.193666056
             0
   0.193666056
    5.38391638
             0
   0.193666056
             0
   0.193666056
    4.13477039
             0
    1.16199625
             0
    9.16040421
    4.97721767
   0.406698704
             0
   0.193666056
             0
    5.40328264
             0
   0.193666056
             0
    1.39439559
    5.07405043
    7.47550964
    9.76076889
    7.93062496
    6.66211224
    2.26589274
    1.42344546
             0
   0.193666056
    3.35042262
     15.783783
   0.338915586
    8.83117199
   0.203349352
             0
    7.61107588
   0.406698704
    1.60742819
    7.31089354
    18.1561928
   0.600364745
    2.12387109
    24.4051495
             0
    10.5965071
    4.92506599
    2.38133192
    1.56122541
    9.36894131
             0
    2.36876702
    4.28903532
   0.746306837
   0.332899064
    8.46016407
             0
  0.0863211155
             0
   0.153597176
   0.437387198
             0
    7.04709435
    1.21936023
    6.77757597
    3.10599041
    4.01622057
   0.046066761
             0
     1.4904927
    9.96338272
    5.35251665
   0.046066761
             0
   0.046066761
             0
    6.42736292
    4.05495405
    6.08279896
    6.86230469
  0.0557500646
             0
   0.893355727
    7.13908577
     1.8858943
             0
    2.00612855
    9.37996387
             0
   0.929668128
    10.5500288
     6.3402133
   0.046066761
             0
    1.70029759
    12.9813452
             0
     1.6518811
    12.4487638
             0
    2.62182522
   0.046066761
             0
    14.2224216
             0
    1.87782478
    14.0303698
             0
    1.32103491
    10.1328402
   0.656114817
   0.046066761
             0
    1.42190266
    10.8389149
             0
    1.16368127
    8.59427071
             0
    1.59942985
     12.081605
             0
    1.55908275
    42.0401306
   0.046066761
    5.61396551
             0
   0.857043326
    6.88489914
             0
   0.699689686
    5.78342342
             0
     38.798645
    18.8123074
     1.4501456
   0.646431506
