#
    0.53183049
    1.18527389
    1.17382944
    1.39359069
    1.26943183
    1.16554379
      1.279603
    1.12024331
   0.819905758
    0.66451335
   0.803055406
   0.856338859
   0.946290195
   0.892069042
    1.01459372
   0.554813623
   0.500823855
   0.798974574
   0.732851326
   0.685377657
   0.671981514
   0.528645873
   0.544899821
   0.447454721
   0.304455012
   0.342960536
   0.232410476
   0.097303316
  0.0024855868
 0.00202075555
 0.00226918096
0.000985448365
 0.00076873228
  0.0015438447
  0.0012228199
0.000953989103
 0.00094711344
 0.00146228017
 0.00262108515
 0.00188896793
0.000960191828
0.000947987835
 0.00120719697
 0.00189137063
 0.00173605373
 0.00169788965
 0.00190576829
 0.00249007414
 0.00289247395
 0.00191819761
 0.00149110612
 0.00197615754
 0.00235530036
 0.00135277212
0.000996558229
 0.00111310277
 0.00173555117
  0.0014709488
  0.0013109803
 0.00208885781
 0.00147005962
 0.00108205795
 0.00181267352
 0.00230092951
 0.00268273614
 0.00270050787
 0.00223666732
  0.0013049735
 0.00131654262
 0.00176688761
 0.00223756977
  0.0011718726
0.000816401385
0.000975259754
  0.0014615996
 0.00103298994
 0.00137214269
0.000828026037
 0.00145586324
 0.00133685523
 0.00142381166
 0.00186528871
 0.00182402041
 0.00152326073
 0.00163494947
 0.00142077531
 0.00191847049
 0.00183889398
 0.00208436605
  0.0017352713
 0.00109261961
0.000734725327
 0.00143108028
 0.00190135895
 0.00110535847
0.000682258746
 0.00041039972
0.000389796362
0.000800146838
 0.00171971391
 0.00147084717
  0.0015570625
0.000856241095
0.000599656662
0.000928127498
 0.00108138018
 0.00145190884
 0.00178760022
 0.00125941739
 0.00134857104
 0.00131146191
 0.00149439229
0.000811867591
 0.00098775595
 0.00128264178
0.000743881799
0.000713583373
0.000596540456
0.000710413849
0.000851618825
0.000809026824
 0.00078413001
0.000935000484
0.000667174987
0.000719805015
0.000574810372
0.000958910212
 0.00128352304
0.000849707867
  0.0299840234
   0.139545977
   0.171521291
    0.27998054
   0.143356994
   0.280445516
   0.372891247
   0.496485651
   0.552072525
   0.428344786
   0.405305028
   0.384520233
   0.553218365
   0.442692429
    0.17472285
   0.428305268
   0.684565187
   0.733727396
   0.777641177
   0.869037867
   0.460113734
   0.343916625
    0.39578706
  0.0613545068
   0.107979663
   0.417442501
   0.313503146
    0.11009153
   0.167384073
   0.280046344
   0.264919996
   0.223341957
   0.371962637
   0.607034981
   0.373810172
   0.194196463
   0.429727197
   0.470108718
   0.419010609
   0.249391913
   0.258764833
   0.149292961
   0.157493949
    0.24875246
   0.262935817
   0.468327284
   0.444347233
   0.374468178
  0.0956320539
   0.208017454
   0.128062159
   0.111400284
  0.0263761301
  0.0558224842
  0.0565850958
   0.110884592
   0.179802045
  0.0369728804
    0.15376319
  0.0739021301
  0.0790218562
  0.0525653735
   0.152992174
   0.193040833
   0.128443614
  0.0817209631
  0.0713815168
  0.0333101377
  0.0249770787
  0.0586388633
   0.327414125
   0.253634453
   0.223741174
   0.128476471
   0.284850985
   0.241537526
      0.393188
   0.277890652
   0.274508268
   0.184242412
   0.195420831
  0.0702126324
   0.150160223
   0.158096761
   0.141078234
   0.194304571
   0.248972073
   0.161106661
   0.086572662
   0.038970273
   0.135996878
  0.0378659405
  0.0194341913
 0.00961282849
  0.0138811907
  0.0888762102
   0.211603925
   0.158578396
  0.0146372141
    0.19792673
  0.0729692504
   0.316529751
    0.35646984
   0.162312239
  0.0724386647
  0.0853700787
  0.0945552513
  0.0727643371
   0.154500142
  0.0903063864
   0.125655383
   0.179196075
  0.0908513963
   0.104366004
   0.277011693
   0.129835293
    0.27428019
   0.104689658
   0.149196491
   0.108295359
   0.112631261
   0.108798251
   0.191593975
   0.171678916
   0.211595699
   0.205189034
   0.416200638
   0.559318602
   0.501429558
    0.58546561
   0.610904157
   0.614760637
   0.657632947
   0.716711521
   0.672323942
    0.58090198
   0.611205578
   0.672011077
    0.71251905
   0.743324339
   0.739783227
   0.876669645
   0.857095003
   0.692988455
   0.422932386
   0.266757369
    0.31730023
   0.450834274
   0.244113907
   0.414737582
   0.804449201
   0.933776975
     1.0296731
   0.923516989
   0.970133424
   0.938971519
    1.00757015
    1.00096846
    0.91444236
   0.976276159
    1.05332279
   0.995644867
     1.0492003
    1.08289373
    1.06090546
    1.06986964
    1.04532599
    1.02924967
    1.09122968
    1.09987271
    1.12503588
   0.928239167
   0.636741936
   0.719716728
   0.782489717
   0.786652386
    1.09978569
    1.09898806
    1.17851198
     1.1013552
   0.957413316
   0.560791969
    1.17164528
    1.31530881
   0.513177574
   0.830790877
    1.06080651
   0.974709928
   0.817009509
   0.416125536
   0.378665477
   0.398819953
   0.590468347
   0.789707363
    1.05363798
    1.29131722
    1.33982313
    1.40526497
    1.34023368
      1.162462
   0.928981543
   0.784659147
   0.791173339
    1.23359227
   0.848452091
    1.02919602
    1.34321845
    1.42796946
    1.45166254
    1.47766912
    1.56044292
     1.5972048
    1.45320487
    1.24003911
    1.27244747
   0.939810336
   0.605302393
   0.887861848
    1.25725412
    1.27918983
    1.58837819
    1.51165152
    1.42355692
    1.50237978
    1.68233335
    1.55741036
    1.61725342
    1.33015263
    1.02323723
   0.691625476
    1.00279641
    1.53432906
    1.64565635
    1.71072268
    1.73330426
     1.6750387
    1.69227195
     1.6739918
    1.57181001
    1.22175276
   0.840021133
   0.632552385
   0.864678085
   0.708223999
   0.990690827
   0.963909328
   0.924038589
     1.0914731
    1.07279837
    1.11634254
   0.309025615
   0.993595958
   0.380805075
   0.819308341
   0.574646652
   0.713291347
   0.600072622
   0.539471984
   0.522414327
   0.460312575
   0.418678492
   0.233213991
   0.273165077
   0.228836209
  0.0740810186
  0.0016259827
 0.00208074995
  0.0132478643
 0.00150679948
 0.00169184851
  0.0012115814
 0.00116017042
 0.00141849485
 0.00227739965
 0.00192899851
 0.00207141088
  0.0022891399
  0.0021711397
 0.00171642366
0.000988316024
 0.00138525257
 0.00226085656
 0.00236398773
 0.00160751375
 0.00234500179
 0.00254900404
 0.00238358113
 0.00157944986
0.000699690601
0.000903230859
 0.00167698576
  0.0026584093
 0.00190238212
 0.00182781869
 0.00209399732
  0.0015503146
 0.00214623823
0.000863166119
0.000972204027
 0.00190527539
 0.00216355221
 0.00210634945
 0.00185457303
 0.00141768111
 0.00148865499
 0.00127069978
 0.00143219996
 0.00166754459
 0.00194174086
 0.00223749084
 0.00221503293
 0.00266980962
 0.00254465546
 0.00278985733
  0.0025963576
 0.00271126837
 0.00194930367
 0.00153875328
 0.00227978243
 0.00267924136
 0.00143282977
 0.00112580124
 0.00162407185
 0.00225659413
 0.00251839007
  0.0171893649
 0.00177742541
  0.0024242634
  0.0014771393
 0.00118632882
 0.00162789249
 0.00125245017
 0.00139345473
 0.00135503756
 0.00229353644
 0.00150851719
 0.00155422592
 0.00639032107
 0.00120747264
 0.00160872727
 0.00183424435
0.000774463755
 0.00188825664
 0.00167435454
 0.00127221784
0.000837690546
 0.00204202323
 0.00312347198
 0.00104661169
0.000967781292
0.000921233092
 0.00102017599
0.000941968581
   0.001947877
 0.00101779902
0.000719209027
0.000856224913
0.000641987484
0.000891898468
0.000774813641
 0.00110047264
0.000656677876
0.000540590961
0.000378382712
0.000321184547
0.000362108171
  0.0585963279
   0.183585986
   0.165979549
   0.240857095
   0.285695702
   0.368284851
   0.326950729
   0.374482304
   0.449924588
   0.357078522
   0.401561499
   0.104533561
   0.114103675
    0.27395764
    0.15379864
   0.197700232
   0.210518286
   0.248633057
    0.62128067
    0.62519753
   0.687752187
   0.571752012
   0.556607723
   0.266382188
   0.645075321
   0.458988726
   0.353184104
   0.307630092
   0.103802927
   0.129110649
   0.491126508
   0.269763082
   0.212180749
   0.200839922
   0.387570024
   0.386035442
   0.438936681
   0.249344125
   0.300481945
   0.309071004
   0.250912964
    0.30033043
   0.233348757
   0.190295875
   0.235840812
    0.24090369
   0.251956224
  0.0925292522
  0.0706066564
    0.10164763
   0.107921891
    0.11517591
   0.120686971
  0.0115790451
    0.12258406
   0.234231398
    0.14729926
  0.0678046271
   0.067893669
   0.105704807
   0.205691725
    0.24687323
   0.182110623
  0.0872281417
  0.0366852954
  0.0402239226
  0.0468201637
  0.0182070713
 0.00491438247
1.83477296E-05
  0.0690851063
 0.00694650318
0.000101930396
  0.0080703469
   0.038421791
  0.0515137054
  0.0268658362
  0.0776913166
  0.0337429866
  0.0892132819
  0.0161001254
  0.0407770127
  0.0979861394
  0.0543613322
  0.0626664609
  0.0715794191
   0.022359632
  0.0239974577
  0.0927144885
   0.227366015
  0.0437203161
  0.0199558046
  0.0124874786
0.000165387668
4.87455472E-05
 0.00127681578
  0.0276624803
   0.149871543
   0.127608255
  0.0180418883
  0.0525807589
   0.091816403
   0.140233397
   0.315416306
   0.236901969
   0.105201937
   0.125895634
   0.131553218
   0.282280117
   0.104090221
   0.093562372
  0.0315973759
  0.0624103956
   0.166145489
   0.105799094
   0.254027992
   0.283221066
    0.10594818
  0.0441418029
  0.0515561141
   0.131196156
    0.11687281
   0.178435519
    0.11020495
     0.1211778
   0.101144508
  0.0126973176
 0.00073495222
7.09767919E-05
3.74730516E-05
 4.9047394E-05
6.39665741E-05
  0.0882999748
   0.149675146
   0.155815423
   0.108213946
  0.0515174009
  0.0740470439
   0.183846399
   0.194751188
   0.436156005
   0.223569021
   0.318264157
    0.52207011
    0.28853187
   0.248638734
    0.35684824
  0.0568509512
  0.0744671524
   0.017222546
   0.301876634
   0.162786558
  0.0108479531
   0.111615583
   0.102588765
  0.0443590544
   0.117553502
    0.29869774
   0.225111574
   0.472994626
   0.503660738
   0.337557197
   0.310621232
   0.635586679
   0.732470512
   0.584844589
   0.301564127
   0.513754129
    0.38832283
   0.436300606
   0.600063324
   0.215056583
    0.58016789
   0.291238129
   0.526288748
   0.337861985
     0.2642335
    0.68456924
    0.65525949
   0.520949543
   0.844576299
    1.02916539
   0.862187564
   0.941175461
   0.897038102
   0.980502486
   0.881293893
   0.409122646
    0.47749123
   0.631377697
   0.586058259
   0.673136532
   0.677717149
   0.820184648
   0.491071939
    0.82628423
    0.57641995
   0.969730794
   0.988908529
    1.27991903
    1.23856497
    1.28401506
    1.39266956
    1.19339836
    1.25257075
    1.17812049
    1.18104839
    1.24134362
    1.07963967
   0.796275258
   0.476354748
   0.299409777
   0.580893219
   0.642553151
   0.647772253
   0.529132128
   0.455624044
   0.192076698
   0.525821269
   0.655854404
    1.02177513
     1.2165345
    1.44466984
    1.45795739
    1.47448969
    1.44026792
    1.27108681
    1.36852717
   0.732738316
    1.28040648
   0.938040376
    1.20297825
    1.30805016
    1.45953965
    1.47351027
    1.29944634
    1.38253105
    1.39743149
    1.37433052
    1.26755667
    1.13374925
    1.14210451
    1.12704253
    1.07727063
   0.676446021
   0.558919191
   0.676010609
   0.625935793
   0.728325009
    0.71794349
   0.750181615
   0.610944688
   0.726994932
   0.656274557
   0.677768648
   0.649894357
   0.592300177
   0.477786034
   0.410207957
   0.297934264
   0.311977029
   0.245241418
   0.185819119
   0.105828457
 0.00185288279
 0.00163692422
 0.00166991889
 0.00144584593
  0.0278944075
 0.00176127092
 0.00325275818
 0.00240310701
 0.00164118921
 0.00155808253
 0.00180502969
 0.00185680762
 0.00116304727
 0.00107880775
0.000715611328
 0.00154850096
 0.00101895968
 0.00157318544
 0.00172490242
 0.00233313302
 0.00124800787
 0.00105017936
 0.00120387017
 0.00130522868
 0.00141566293
 0.00161362742
 0.00145762204
 0.00183358102
 0.00202901359
 0.00159011898
 0.00173595746
 0.00224968535
 0.00169276365
 0.00117555156
 0.00119305006
 0.00149457273
 0.00125683635
 0.00136308593
 0.00177152385
 0.00173508155
 0.00164203544
 0.00171415287
 0.00171214819
 0.00127042609
0.000874370511
0.000918216305
 0.00129627762
 0.00117984309
 0.00148186239
 0.00109087245
  0.0013711584
 0.00185637991
 0.00216298504
 0.00144018943
0.000637613237
 0.00123568892
 0.00179893093
  0.0013872378
 0.00111532584
 0.00120068307
 0.00163648534
 0.00151994405
 0.00164847577
0.000592123601
 0.00109754456
 0.00166307844
 0.00140877895
 0.00140527484
0.000600776228
 0.00020885338
0.000379218778
0.000966506952
 0.00131636485
 0.00164426723
 0.00100959546
 0.00117269543
 0.00168734486
 0.00128423423
0.000623754226
0.000304881483
0.000589413277
 0.00105541688
 0.00883331057
 0.00150479865
  0.0020777504
0.000480380782
0.000327001646
0.000523882394
0.000515809981
0.000849685457
 0.00159712054
 0.00362000964
0.000657505705
0.000956025964
0.000919209328
0.000685425242
7.55922301E-05
0.000247278047
0.000395185314
0.000352140749
0.000452176231
  0.0518740267
  0.0540103093
  0.0813895091
   0.103901505
   0.187083453
   0.232183784
   0.307698011
   0.227929249
   0.212008119
    0.24565734
      0.218796
   0.317749709
   0.488144457
   0.517015874
   0.389526218
   0.522876799
   0.262304872
   0.397599667
   0.405004174
   0.629210472
   0.675596058
  0.0591959767
  0.0348294079
  0.0271991454
   0.300181121
   0.425684422
   0.482728839
   0.501256585
   0.289904475
   0.501664937
   0.166997239
  0.0130214794
  0.0356984921
   0.201004058
  0.0573504791
  0.0552554019
    0.14051643
   0.115615778
   0.049779214
  0.0960983261
  0.0825725049
  0.0667584762
 0.00556863053
   0.101743884
  0.0289659332
 0.00819536205
  0.0855854973
  0.0426677205
  0.0538079701
 5.3681335E-05
8.82922177E-05
7.57394737E-05
6.43226304E-05
2.54932111E-05
1.52208722E-05
3.38099853E-05
  0.0115732392
0.000307600974
   0.027735481
   0.118714444
  0.0812075809
    0.11777994
 0.00455591781
  0.0746310055
   0.197633594
   0.200392202
   0.184768915
   0.114574075
  6.526793E-05
5.34803621E-05
7.54866851E-05
 0.00747787347
3.17923368E-05
  0.0542600043
   0.026791187
   0.040090993
1.80416318E-05
 0.00012750602
4.05101564E-05
5.36929219E-05
  0.0437595136
  0.0516907275
   0.110707216
  0.0414849371
  0.0626107678
  0.0880746841
   0.112507671
  0.0517408252
  0.0115591278
  0.0173157286
  0.0568823069
  0.0534328446
  0.0239441432
  0.0107907122
0.000267730939
  0.0326526091
  0.0544123277
  0.0133633092
 0.00419586385
2.02761876E-05
 0.00326518086
  0.0781488419
  0.0621156991
  0.0292767603
  0.0395455286
6.86566709E-05
7.42704942E-05
6.74116163E-05
8.27215918E-05
6.55619369E-05
8.54907194E-05
0.000109696499
  0.0111733181
4.26951447E-05
  1.806197E-05
0.000295744307
5.77177598E-05
 0.00585587416
  0.0911031812
    0.35022068
   0.376269847
   0.482842594
   0.515733838
   0.432661563
   0.199980751
   0.395844877
   0.379395187
   0.118977651
 0.00313200196
2.37706918E-05
1.71094616E-05
 9.2591099E-06
  0.0355404541
  0.0532245375
   0.148960531
  0.0508248881
  0.0107335877
   0.287618309
   0.548373401
   0.475963831
   0.454138666
   0.570534706
   0.227315202
   0.167632952
  0.0174111594
  0.0238955785
 0.00630018255
5.07541081E-05
   0.141281947
   0.284036815
   0.542252421
   0.340968311
   0.366707385
   0.687796175
   0.320877641
  0.0902244225
  0.0434757248
  0.0562439188
    0.18380639
   0.137431115
   0.445476472
   0.672475338
   0.729350686
   0.889694214
   0.637520432
    0.52798295
   0.127625197
   0.368890822
   0.432137311
   0.206146494
   0.128744245
  0.0303157065
   0.417778343
   0.401680738
   0.853548348
    1.19407392
   0.622599661
   0.072734639
   0.406546026
    1.01260817
    1.04798102
       1.17609
    1.28102171
     1.3119998
   0.956543922
   0.930231214
   0.984430611
    1.13222599
    1.31125522
    1.20029128
     1.0123167
    1.11120331
    1.20542645
   0.454152912
   0.380380183
   0.467987299
   0.320591986
   0.546738446
   0.488307118
    0.71523571
   0.688907504
     1.1813637
    1.25211549
   0.511043608
   0.467321366
   0.578691959
    1.12162375
    1.02598846
    1.12855327
    1.33932984
    1.11441135
   0.619980454
    1.04961717
    1.45072353
    1.42924392
    1.33325064
    1.42039967
    1.41190374
    1.48714709
    1.28694785
    1.33910847
    0.67768091
     1.1510483
   0.962107122
    1.41208017
    1.40918303
    1.44257557
    1.27833879
    1.49286151
    1.31394207
      1.385795
   0.620787382
    1.35443783
    1.42153823
     1.0229677
    1.31033349
     1.3253448
    1.22553408
    1.33689725
    1.25847709
    1.13815176
   0.689242542
     0.6440804
    1.00644398
   0.629287183
   0.895628273
    1.00000858
   0.960224628
   0.982457578
   0.915399551
   0.820524812
   0.769320786
   0.654699385
   0.605629027
   0.710043013
   0.644243956
   0.588312626
   0.461646616
   0.406532824
   0.375375539
   0.341539711
    0.28772527
   0.180453584
  0.0929723382
0.000816587184
  0.0013032693
 0.00166808988
 0.00201354758
 0.00108022057
 0.00181839371
 0.00123092998
0.000890629133
0.000600274419
0.000716355338
 0.00108320569
  0.0018634405
 0.00151848991
0.000561208522
0.000892467622
 0.00128239044
 0.00187708717
 0.00102912611
0.000835462997
0.000860648812
0.000935401127
 0.00142174051
  0.0013676713
 0.00105957675
 0.00125172862
 0.00133048766
  0.0014565431
 0.00190436363
 0.00127542403
 0.00152364909
 0.00184544013
 0.00146999746
  0.0016926924
 0.00175862433
0.000486359844
 0.00203443109
 0.00145450572
 0.00110257417
0.000549995049
 0.00103776332
  0.0011316943
 0.00123429182
 0.00149178167
  0.0025738026
 0.00233003334
 0.00161430705
 0.00127307931
 0.00190868089
 0.00215944834
 0.00129417772
 0.00186189963
 0.00227836682
 0.00238596858
0.000485168741
0.000566957402
 0.00183062488
 0.00100964354
0.000903887267
0.000488602207
 0.00114766567
 0.00142216205
 0.00150704896
  0.0013704343
0.000635035336
0.000407918036
0.000590218464
0.000344866363
 0.00048710659
  0.0011010149
 0.00196681265
  0.0020928164
 0.00198770734
 0.00190500007
0.000962095684
0.000510944228
 0.00150478492
  0.0024715364
 0.00128244807
 0.00180931878
 0.00154906709
 0.00102737697
0.000735827431
0.000722041936
 0.00111678592
 0.00132206664
  0.0011103513
0.000972027134
0.000920247636
   0.001564704
  0.0220464207
 0.00183183327
0.000882340479
 0.00119252712
 0.00140721106
 0.00137303409
 0.00107090455
 0.00217262469
 0.00137363514
 0.00158616516
  0.0014918216
0.000619110826
  0.0833963305
   0.153795734
   0.255529612
   0.353106916
   0.398217559
   0.435185939
    0.46660918
    0.50098598
   0.530920744
   0.545725048
   0.619770646
   0.577847481
   0.659423769
   0.607976198
   0.691481411
   0.238330334
    0.22437416
   0.101701371
   0.119746856
   0.402108341
    0.42404294
   0.300200611
   0.441045702
   0.502666175
   0.187742993
  0.0412142649
  0.0471220464
   0.136340633
   0.189698979
   0.290674716
   0.433809191
   0.171100527
  0.0558707677
   0.197984204
   0.292918444
   0.422472268
   0.439488769
  0.0987551287
  0.0179659016
   0.150461704
   0.289266437
   0.242869571
  0.0323471911
   0.193920419
  0.0376297198
  0.0424759388
    0.22121349
  0.0670127124
   0.277256012
     0.1082718
 0.00424215104
  0.0702176467
  0.0787675828
    0.16375342
  0.0916685089
  0.0262013152
   0.118638553
  0.0396870971
  0.0978243649
  0.0788164288
   0.191952899
  0.0160802156
  0.0189073961
 0.00598280365
 0.00509666698
  0.0308795236
  0.0193261001
  0.0177530125
  0.0397417545
  0.0105500072
 0.00790971797
 0.00809794758
  0.0979650617
  0.0238606073
   0.119899035
1.37025672E-05
5.50603218E-05
  0.0228191912
   0.093812488
   0.158311158
   0.202705696
   0.110376261
 0.00431612134
  0.0874239579
  0.0946253836
 0.00393283041
  0.0219261348
  0.0152887255
   0.189086467
  0.0390904322
   0.155979574
  0.0538565479
  0.0227296669
 1.7708111E-05
  0.0100868149
0.000538887107
  0.0486249067
   0.452381462
   0.429304123
   0.152777433
   0.114090174
   0.252893746
   0.442900181
   0.406140298
   0.176533446
   0.454226613
  0.0826948509
   0.191354752
   0.479979664
     0.4153319
   0.203030691
   0.167005673
   0.470993996
   0.580038846
   0.503020287
   0.647553563
   0.162231371
   0.406932235
   0.475890666
    0.58316046
   0.402301639
   0.520914793
   0.492436022
    0.53431952
    0.43245697
   0.449484497
    0.66438508
   0.541145504
   0.645561814
   0.512625277
   0.708209395
   0.654512227
   0.649161935
   0.828647614
   0.761527538
   0.727165878
   0.840101361
   0.922076881
   0.922643244
   0.783298075
   0.932242334
   0.851172805
   0.907106757
   0.936022043
   0.987708807
   0.812231064
   0.917765319
    0.54606694
   0.232897714
   0.806078553
   0.862331688
   0.914143503
    1.00108016
    1.07198668
    1.07463801
    1.05404699
    1.05632627
    1.05558872
    1.10854161
   0.976713657
   0.798823774
   0.428207725
   0.843907714
    1.08490157
   0.993369401
   0.464965612
    1.12989247
   0.972555697
    1.08489859
    1.01095557
    1.02093005
    1.15203464
    1.18048692
    1.16759098
    1.12315881
    1.03922343
   0.974773943
   0.875599563
   0.462985158
   0.573272228
   0.320353717
    0.29875508
   0.263033271
    1.27489376
    1.38553154
   0.516651511
   0.336906999
   0.494018584
   0.777080476
   0.661499441
   0.930770755
    1.34214532
    1.02734244
   0.133330554
    0.50008136
   0.763883054
   0.613645613
   0.897709787
   0.428149998
   0.996983528
   0.305494696
   0.489250511
   0.376003087
   0.410913497
   0.421488762
   0.835663915
   0.905600846
   0.951192141
   0.363343358
   0.564872921
   0.886768341
   0.856097162
   0.782770276
   0.980491281
    1.50776315
     1.4317466
    1.09409416
    1.29942715
    1.39260697
     1.5391798
    1.51245952
    1.49993265
    1.47887838
    1.49425864
   0.910142601
    1.15079319
    1.13251531
    1.45091808
    1.57713354
    1.62141562
    1.56282938
    1.48148966
     1.5780704
     1.5263257
    1.65426409
    1.62885535
    1.61380315
    1.47544396
   0.874801815
    1.21797991
    1.40278828
     1.2198019
    1.05852962
   0.934401393
    1.09612691
   0.947415531
   0.685925543
   0.894460738
    0.73824358
   0.973689914
   0.834690273
   0.771192431
   0.753260791
    0.72711271
   0.578502238
   0.667022288
   0.479841143
    0.42536366
    0.52888006
   0.459026545
   0.358125687
   0.245534822
   0.169202209
  0.0581221469
 0.00170442008
0.000834125793
 0.00175826484
  0.0210655946
 0.00195609126
  0.0260331016
0.000794127118
0.000733178807
 0.00148326228
  0.0245077331
   0.038408868
  0.0223065335
  0.0211133081
 0.00263121026
 0.00184264011
 0.00101222098
 0.00117728545
  0.0202942155
 0.00153980893
 0.00254244846
  0.0035232068
 0.00213523954
 0.00192994298
 0.00148747303
 0.00176745083
 0.00172131567
 0.00236277701
 0.00260063354
 0.00110946561
 0.00146945217
  0.0229671393
  0.0329731777
  0.0501387157
  0.0212341268
  0.0074596596
 0.00592153659
  0.0015733433
 0.00132007583
0.000795055996
  0.0196380503
  0.0249355398
 0.00288467947
  0.0519592501
  0.0028349855
 0.00173367723
  0.0015434511
   0.019460246
 0.00517130317
0.000669824891
  0.0442485847
  0.0458774008
  0.0253938865
 0.00300248736
  0.0455239378
  0.0467208773
 0.00279440708
 0.00192355877
 0.00117069774
  0.0438720249
  0.0194708444
  0.0243077073
  0.0199987385
 0.00100910221
  0.0408756733
 0.00094017986
0.000935795659
 0.00102353666
0.000839450571
0.000984490034
 0.00510047795
 0.00104507268
 0.00126364059
  0.0185003299
  0.0375464931
  0.0168260578
 0.00106375269
  0.0440900847
 0.00029995857
  0.0126239844
 0.00170952023
  0.0553600825
  0.0467478186
  0.0253482182
0.000493219995
  0.0012009663
  0.0462916121
  0.0509404801
0.000167263337
0.000169192164
0.000128808679
0.000249423232
  0.0388177447
0.000165740144
0.000131039837
  0.0399538502
  0.0199008323
  0.0551592857
 0.00271324185
 0.00158982561
  0.0200341064
0.000368435401
   0.224987879
   0.157412112
   0.196979225
    0.22830531
   0.146758169
   0.335971981
    0.28638646
   0.104286097
   0.341225952
   0.302115768
  0.0894886777
   0.117954358
   0.277495831
   0.400547087
   0.552721322
   0.485799193
   0.463306278
   0.109762877
   0.253623694
   0.286658823
   0.330394089
   0.205128133
   0.504111052
  0.0493399277
   0.291777164
  0.0862036273
   0.209784105
   0.155247241
  0.0936076939
   0.197016001
   0.184415132
  0.0782761127
  0.0981309786
   0.281849563
    0.10475269
   0.129543036
    0.18688035
   0.226755649
    0.27747786
   0.215349376
   0.252385795
   0.193350255
   0.202518061
   0.354438424
   0.169275656
   0.184358105
   0.306442648
   0.255714864
  0.0621385202
   0.113154896
  0.0842778981
   0.079997316
  0.0895246938
   0.118149988
  0.0529014058
   0.113246813
   0.162789166
   0.243696377
  0.0627428666
  0.0623507276
   0.152054757
   0.157621995
   0.127812758
   0.117389485
   0.148706943
  0.0134966997
  0.0864913762
  0.0341060311
  0.0321485251
  0.0624101721
  0.0398905277
   0.108092934
  0.0640586093
   0.120151557
  0.0906943306
  0.0582205839
   0.134967834
   0.239637211
   0.177341059
  0.0750625357
   0.124065354
   0.176410317
   0.173882723
  0.0549321696
  0.0942703336
  0.0409679562
    0.11095006
   0.139106318
   0.160919011
   0.261978209
   0.350996733
   0.293267727
   0.251104146
   0.332921028
  0.0733314306
   0.178198636
   0.104731143
   0.042280931
  0.0374023691
   0.113734052
  0.0557460897
  0.0222629178
  0.0697453246
  0.0400892124
  0.0332250148
  0.0223103538
  0.0508585274
  0.0102410084
  0.0191171672
   0.102219179
   0.154380679
     0.2463772
  0.0485882163
   0.199654043
   0.395155042
   0.252590865
   0.432415873
   0.152103305
   0.105906203
   0.214923009
   0.437611908
   0.243336111
   0.088179104
   0.168926775
     0.1811537
   0.286609948
   0.038679257
  0.0432393514
  0.0995601937
   0.254315853
   0.472702861
   0.414747536
   0.433244884
   0.166373566
   0.301613957
   0.221641213
    0.32741341
   0.169269517
  0.0792659894
   0.115745693
   0.101320378
   0.188608706
   0.300311267
  0.0244491845
  0.0644584447
   0.202509448
   0.359412074
   0.463077456
  0.0535614565
   0.146024629
    0.21506016
   0.188915208
   0.133821309
   0.255959958
   0.150217429
   0.143786654
   0.183387831
   0.113644369
   0.236615688
   0.473409921
   0.144283235
   0.148456722
   0.191257253
   0.188444152
   0.395728469
   0.474290192
   0.245070443
   0.278123438
   0.173798859
   0.113517061
   0.117530532
   0.301698774
    0.21622777
   0.156004578
   0.263961881
   0.260575473
   0.181469277
   0.287437826
   0.165406853
   0.381350428
   0.205663338
   0.427109808
   0.236932278
   0.190913588
    0.19957082
   0.249326617
   0.198850811
   0.373240143
   0.969776452
   0.984358191
   0.883985281
    1.13492465
    1.05213904
    1.01532865
   0.537976086
   0.682034791
   0.987004757
   0.652963996
   0.836391091
    1.04624999
   0.938546658
   0.768673241
   0.387217522
   0.273847133
  0.0354816988
   0.105353177
   0.712008297
   0.756403983
   0.864999235
    1.11892486
    1.13608813
   0.558095753
   0.496162534
   0.467798799
    0.28490141
   0.894650996
    1.06057608
   0.988897979
    1.19725347
   0.908313572
   0.491682231
   0.319447428
   0.229509726
   0.215986595
   0.466961592
   0.518997788
   0.607606947
    1.19509184
    1.10492623
     1.1181711
    1.19234884
    0.77354306
   0.644688189
   0.518921137
   0.277641088
   0.999009013
   0.920693994
   0.924354255
   0.903226793
    1.03389943
     1.1815145
    1.05783641
   0.707063138
   0.475530446
   0.329374194
   0.537803113
   0.453417242
   0.582049608
   0.913692057
   0.832921207
   0.864231467
   0.901853383
   0.682940722
   0.309201241
   0.424143195
   0.415865302
    0.58883816
    0.53334403
   0.615989923
   0.458482087
   0.391661793
   0.365461379
   0.302090973
   0.215380073
   0.125962123
0.000971043715
 0.00158616807
 0.00134902156
 0.00137124897
 0.00159451424
  0.0011055225
 0.00159596384
  0.0017912183
  0.0018369084
 0.00229691644
 0.00232224725
 0.00186904625
 0.00147271843
 0.00167520985
 0.00203088694
 0.00106496201
 0.00137705251
 0.00127373729
 0.00101429375
 0.00154545542
 0.00168737187
   0.001744846
 0.00173974514
 0.00229997421
0.000989146763
 0.00186139753
  0.0011500835
 0.00101182458
0.000399976852
0.000420433527
 0.00228723418
   0.002714962
 0.00289786537
 0.00678840932
0.000597167294
 0.00131134165
 0.00155335374
0.000953388691
  0.0207650028
0.000456439564
 0.00112444733
 0.00146407331
 0.00162851904
 0.00216519437
 0.00204721419
0.000922182051
 0.00125808246
 0.00158444711
0.000616751204
 0.00160483376
 0.00144038489
 0.00125098706
 0.00191699725
 0.00102492992
0.000708928041
0.000883038912
0.000579692307
  0.0235039424
0.000547703879
0.000653234834
  0.0004792455
0.000563152193
 0.00129121868
  0.0192408692
 0.00163553446
 0.00175816589
 0.00180310209
 0.00178330729
  0.0372127146
 0.00084252411
  0.0189681519
 0.00245586527
 0.00248796609
 0.00172677217
 0.00040800753
  0.0192537513
 0.00182103785
0.000814613712
 0.00296471827
0.000720109849
    0.00200926
 0.00119995105
 0.00134105782
 0.00137043837
 0.00121534127
 0.00190783676
  0.0202654283
  0.0028557356
  0.0213453509
   0.037061356
0.000249379606
0.000190076564
0.000188750433
4.56456073E-05
   0.620043099
     1.3286221
    1.37276626
    1.66000104
    1.52915406
    1.52255285
    1.69486976
    1.47150159
    1.17996359
    1.03178132
    1.24869823
    1.38489997
    1.59049106
     1.5772984
    1.83754134
   0.823708177
    1.18161976
    1.60974109
    1.79380143
    1.66309321
    1.64407623
    1.55449545
    1.51629496
    1.06516671
    1.33671808
    1.52807784
    1.63748801
    1.87081659
    1.74922168
    1.66446948
    1.79783154
    1.61452234
    1.43168151
    1.54399872
    1.50552046
    1.51516712
    1.66649675
    1.77232993
    1.90465808
    1.70097291
    1.81640029
    1.40464461
    1.63054585
    1.85620606
    1.83389032
    1.81194532
    1.68677878
    1.72609794
    1.58879673
    1.48560929
    1.23660827
    1.81446874
    1.74991548
    1.51698697
    1.53748202
    1.40337348
    1.60237932
    1.56879628
    1.75356817
    1.79284179
     1.5112462
    1.63793099
    1.68353462
    1.52037072
    1.49576962
    1.60061038
    1.75391006
    1.50684404
    1.64837468
    1.71793985
    1.70592034
    1.36844432
    1.28611016
    1.60357308
    1.58784246
     1.5094645
    1.59861362
    1.18361616
    1.41521883
    1.52412069
    1.58560193
     1.5599165
    1.32567692
    1.43894088
    1.63196051
    1.52371073
    1.53860307
    1.49740386
    1.30058265
    1.15461266
    1.35124326
    1.11374164
    1.27627754
    1.44555545
    1.33033991
   0.963085055
   0.887705028
    0.72936213
    1.20567083
     1.3342427
    1.32100856
    1.10549629
    1.03011727
     1.0672543
    1.34732044
    1.42388558
    1.41832078
    1.44801414
    1.21055102
    1.16852629
    1.16881549
    1.20714116
   0.887204051
   0.765835524
   0.915595472
    1.26249886
    1.28350222
    1.13628972
    1.12166238
    1.05201626
     1.1587826
    1.18204474
    1.13488972
      1.138165
    1.15512407
    1.12872577
    1.01357865
    1.09237027
   0.435806215
   0.403979391
   0.835124493
   0.997286141
    1.15046954
   0.453642488
   0.533428967
   0.704658091
   0.946863949
   0.916956604
   0.745952368
   0.561567366
   0.610453308
   0.778952301
   0.535610735
   0.191102043
   0.569782794
   0.860015333
   0.854771972
   0.871629298
   0.895054221
   0.455017775
   0.360406339
    0.34599179
  0.0231000949
  0.0926924273
   0.416897386
   0.246569157
  0.0339771695
   0.157477826
   0.225656718
   0.188685581
   0.203740805
   0.389485598
   0.663576961
   0.266869634
   0.184024602
   0.426526338
   0.470822662
   0.390251964
   0.231162414
   0.245279774
  0.0657309815
   0.141959682
   0.242621526
   0.238849565
   0.513333023
   0.441877663
   0.343218029
  0.0936266109
   0.199452266
   0.122284554
  0.0648516417
  0.0151965348
  0.0498281531
  0.0474022403
   0.111392699
  0.0760766193
  0.0115771238
   0.150239751
   0.028195085
  0.0421922207
   0.022592986
   0.128725722
   0.189319268
   0.092197299
  0.0589409396
   0.026727654
  0.0313163474
  0.0197330844
  0.0518417098
   0.317247063
   0.200742424
   0.204406127
   0.102929257
   0.282749981
   0.217196062
     0.4350034
   0.274764717
   0.278884888
     0.1325389
    0.16459845
   0.065354906
   0.120151855
  0.0954145193
  0.0551038086
   0.152179986
   0.201590732
  0.0692398772
  0.0778626874
  0.0166340265
   0.114468828
  0.0254720636
  0.0174902435
 0.00698879035
 0.00724799465
  0.0866377354
   0.212991118
  0.0581263192
 0.00869732909
   0.157422662
  0.0499205105
   0.296022147
    0.24308978
   0.125306547
  0.0676511303
  0.0707387328
  0.0279892627
  0.0438888445
   0.158467948
  0.0726952627
   0.118459657
   0.156678021
  0.0450465828
  0.0571718439
   0.275875449
   0.118446104
   0.268785715
  0.0852952525
   0.118345805
  0.0873421878
  0.0970516503
  0.0981508866
   0.188085258
   0.124199823
   0.198952839
   0.203423187
    0.42810744
   0.563685298
   0.503245473
   0.618060648
   0.634358227
   0.647283733
   0.695319414
   0.802560866
   0.697064221
   0.583160698
   0.624863267
   0.690313339
   0.760622919
   0.790717959
   0.773523808
   0.930426896
   0.900614202
   0.710441291
   0.359734118
   0.246989548
   0.323246986
   0.335452229
   0.243658975
   0.397450179
   0.870472312
   0.994700491
    1.09336197
   0.968937159
    1.00710392
   0.998090565
    1.06297588
    1.05248845
   0.990281463
    1.01837194
    1.10714519
    1.04157507
    1.10155177
    1.13750303
    1.12078607
    1.13522267
    1.11710417
     1.0873946
     1.1613301
    1.15568268
    1.16673887
   0.943723738
    0.67573297
   0.754036307
   0.808455586
   0.839609385
    1.18367255
    1.14796376
    1.24073696
    1.10801506
   0.944365501
   0.581892133
    1.23564613
    1.42566884
   0.468665153
    0.87051481
    1.11151803
    1.02250504
   0.770727217
   0.350372285
    0.28432247
   0.353182614
    0.57490772
    0.82395798
    1.12112081
    1.35295594
    1.39312148
    1.45364904
    1.37485218
    1.17043567
   0.936623454
   0.751482069
   0.827783883
    1.30268586
     0.7329638
    1.11386538
    1.37804997
    1.45705247
    1.48087323
    1.54371107
    1.60576069
    1.66547835
    1.52064228
    1.29045737
    1.32741666
   0.876178443
   0.587202728
   0.972765803
    1.33497691
    1.34623361
    1.60569954
    1.58640337
    1.46319127
    1.52389944
    1.72765374
    1.61087799
    1.67969513
    1.33566391
   0.937684953
   0.603834271
    1.06267416
    1.58278501
    1.70703244
    1.76352549
    1.78294528
    1.73786712
    1.80335546
    1.83553159
    1.75243104
    1.38843083
    1.00449157
   0.668821394
    1.12329757
   0.961572945
     1.4518708
    1.32931423
    1.37490416
    1.64633489
    1.69499505
    1.73527658
    0.55610925
    1.61285591
   0.710965455
    1.61109972
    1.20074928
    1.69458318
    1.85193682
     1.8568294
    1.60284185
    1.52571034
    1.80860817
    1.37238181
    1.71380818
    1.68623519
    1.22629285
    1.27870131
    1.57097602
    1.50921679
    1.59605682
    1.73067391
    1.63262117
    1.56777334
    1.74323249
    1.82687795
    1.85024297
    1.81860006
    1.83667815
    1.81734526
    1.77527332
    1.51950514
     1.7959578
    1.83415675
    1.74418545
    1.87547314
    1.80298579
    1.79960716
    1.46848035
     1.3850714
    1.30872798
    1.44079399
    1.74104965
    1.68932748
    1.84921718
    1.75753367
    1.84476566
    1.77516294
    1.80237865
    1.21478295
    1.36407459
    1.67227697
    1.59609234
     1.4880439
    1.47715318
    1.50122261
    1.54310203
      1.486395
    1.57600951
    1.66169322
    1.60596859
    1.50432646
    1.50812197
    1.28254235
    1.05467331
    1.46781361
    1.38295138
    1.47814417
    1.54136658
    1.57343495
    1.59825563
    1.46575701
    1.44526339
    1.32057977
    1.54174352
    1.57219934
     1.4780519
    1.53672516
    1.59100723
    1.48289263
     1.3927294
    1.31615388
    1.44321263
    1.56020594
    1.52253902
    1.57488966
    1.50931096
    1.35908651
    1.30106544
   0.830763042
    1.31206226
   0.683954537
     1.1711551
   0.947443604
   0.786233485
   0.912316561
   0.523489118
   0.542401135
    1.26706958
    1.30681598
    1.00166845
    1.03218162
    1.11170101
    1.24069774
    1.21726537
    1.14503896
    1.16308355
    1.01625621
    1.00097108
   0.457057148
   0.861860871
    1.05957174
    1.11414135
    1.01580572
   0.722644627
   0.861866713
   0.499921829
   0.583939493
   0.332604021
   0.840244651
   0.747175217
   0.976139247
    1.01401043
    1.05156326
   0.894108295
   0.928020835
   0.962833464
   0.672339261
    0.71398735
   0.109260738
   0.125622377
   0.381017953
    0.14951393
   0.211973146
   0.158227965
    0.16844295
   0.640754938
   0.644027829
   0.746449649
   0.580179632
   0.564248085
   0.231491506
   0.699134588
   0.467022002
     0.3637411
   0.319330812
  0.0751139447
   0.126727581
   0.515550613
   0.271374315
   0.195708573
   0.178184822
   0.396474421
   0.402932405
   0.450245053
   0.248054117
   0.295303375
   0.277989358
   0.145727411
   0.251470476
   0.216817588
   0.183348775
   0.216478333
   0.213904738
   0.166238755
  0.0795573816
   0.060009826
  0.0740697607
  0.0870533139
   0.105522923
   0.111515485
 0.00274913199
   0.110485703
   0.222918287
   0.126242235
  0.0512673706
  0.0421764441
  0.0761619806
   0.174306348
   0.217902094
   0.122755975
  0.0297956653
  0.0108507434
  0.0377076827
  0.0416709855
  0.0147143919
 0.00134782435
9.36231572E-06
  0.0397519283
 0.00612147711
8.19065972E-05
 0.00582171511
  0.0167762209
  0.0193802509
  0.0232685674
  0.0399884544
  0.0196465179
  0.0459102839
  0.0121638495
  0.0167801306
  0.0865104347
   0.044179935
  0.0524649471
  0.0522318557
  0.0117200408
 0.00606865808
  0.0647343472
   0.184634298
  0.0408267416
  0.0191838555
  0.0114345904
5.35965373E-05
1.62834203E-05
0.000340391969
  0.0138126276
   0.141336277
  0.0789599344
 0.00689458195
   0.014807892
  0.0322439261
   0.126505792
   0.310952723
   0.195798934
  0.0578422621
   0.066371277
   0.106320478
   0.268519819
  0.0924786106
  0.0905232877
  0.0229701996
   0.057255093
   0.158876359
  0.0944967717
   0.223613054
   0.218921289
  0.0698628649
  0.0303380433
  0.0436732657
    0.11188104
   0.069660075
   0.159472227
  0.0939050019
  0.0999900848
  0.0829032287
  0.0111565068
0.000659394194
6.21636282E-05
3.00369593E-05
2.42267597E-05
 1.7552642E-05
  0.0604599528
   0.131194726
   0.140251666
  0.0871864483
  0.0414238572
  0.0541311167
   0.161851615
   0.182762295
   0.410117954
   0.222330272
   0.288032323
   0.512077391
   0.279484481
   0.208873987
   0.314762712
  0.0276495554
  0.0530622602
 0.00412951363
   0.273296803
   0.140772939
 0.00850667153
    0.10141626
  0.0922450721
  0.0353332683
   0.104139626
   0.248994917
   0.201182246
   0.477264017
   0.498811185
   0.313804328
   0.280895859
   0.578296363
   0.627946794
   0.574206769
   0.275086015
   0.502939761
    0.35870713
   0.398867756
   0.519338131
   0.178390026
   0.594196439
   0.266114861
    0.48781845
   0.302366227
   0.242124245
   0.615057468
   0.620210052
   0.494333714
   0.862894356
    1.07263982
   0.834956825
   0.974176168
   0.915049493
     1.0219357
   0.950013816
   0.379653931
    0.42685923
   0.605210125
   0.504538476
   0.645551801
   0.637883365
   0.803962708
   0.439638615
   0.784952044
   0.465132236
   0.910163224
   0.909936547
    1.31731379
     1.3151232
    1.33728766
    1.44255066
    1.20446515
    1.30335689
    1.17023122
    1.25691473
    1.32151866
    1.08727515
   0.751558185
   0.420001149
   0.252097815
   0.545287669
   0.607197165
   0.586856544
   0.494711071
   0.404478669
   0.115900695
   0.460621655
   0.576522112
   0.989095628
    1.22301424
    1.53181708
    1.51576281
    1.51385212
    1.48670495
    1.30017424
    1.43845618
   0.743830025
    1.34918272
   0.924254358
    1.22315121
    1.34286857
    1.49887764
    1.53536487
    1.37238801
    1.53843403
    1.59291029
    1.62619424
    1.54441345
    1.35500443
    1.46615195
    1.51570415
    1.57172143
   0.844961941
   0.558346093
   0.853890002
   0.691946387
    1.09937823
    1.20321143
    1.33304715
    1.30553746
    1.45260322
    1.51846659
    1.64029634
    1.73514414
    1.75172246
    1.57550347
    1.56776631
    1.12605727
    1.39707172
    1.30249441
    1.51065147
    1.72429061
    1.70228052
     1.5213902
    1.40764391
    1.38562095
    1.63523948
    1.70976138
    1.77328682
    1.65898848
    1.63860881
    1.66659915
    1.69301271
    1.81204724
    1.72636199
    1.64965093
     1.5364002
    1.71295857
    1.60701394
    1.73210943
    1.77384818
    1.82661605
    1.76960313
    1.57024503
    1.64993966
    1.73967743
     1.8065232
    1.79213572
    1.83716166
    1.85282254
    1.78100514
    1.81784999
    1.78773654
    1.76238227
    1.74708462
    1.64119375
    1.78503144
    1.71714032
    1.73014534
    1.74806535
    1.73550737
    1.41095221
    1.53968942
    1.63565898
    1.76817214
    1.59217417
    1.61951995
    1.51863647
    1.53665006
    1.53754997
    1.32679892
    1.43952358
    1.51508737
    1.60937417
    1.57857323
    1.56080532
     1.3397634
    1.50007439
    1.57924581
    1.67631793
      1.507792
    1.49632132
    1.58324003
    1.57579958
    1.33194315
    0.55563277
    1.23449934
    1.34964609
    1.36922503
    1.42799973
    1.17261684
   0.375212431
    1.08759391
    1.25730586
    1.36370015
     1.4453547
    1.39992213
    1.31355548
    1.47408199
    1.16224241
   0.931073725
   0.152583361
    1.00973344
    1.23529923
   0.800309002
    1.09433162
    1.08184123
   0.542816222
   0.877886593
    1.14661527
    1.05185199
    1.07775664
    1.08002675
    1.11211669
   0.932606995
    1.00572419
   0.922969103
     1.1524632
  0.0996898338
   0.609855652
   0.832602561
   0.562821865
   0.789277375
   0.731834948
   0.135420129
   0.259533286
   0.228137314
   0.484634221
   0.565269709
    0.61648345
    0.47699976
   0.398125768
   0.442713886
   0.370320231
   0.505751431
   0.761274934
   0.728684664
   0.517845869
   0.622782469
    0.27930665
   0.435433894
   0.455735415
   0.691886544
    0.75085032
  0.0491821356
 0.00882149674
  0.0128381504
   0.277820617
    0.36978662
   0.461140126
   0.475337714
   0.201660097
   0.476238608
   0.144399449
 0.00311978022
  0.0284226704
   0.190839589
  0.0395252034
   0.016629152
   0.123871304
  0.0957340449
  0.0414029621
   0.060396865
  0.0669064149
  0.0480032973
 0.00130484183
  0.0841868967
  0.0190896541
 0.00628754217
  0.0526662692
  0.0329142325
   0.056643609
4.00471836E-05
4.39859687E-05
5.68318428E-05
3.10771939E-05
1.35408973E-05
5.56590339E-06
2.46954642E-05
  0.0136259804
8.64065587E-05
  0.0205889475
  0.0978697836
  0.0604188703
  0.0982958376
 0.00103114883
  0.0505366027
   0.162563711
   0.167435765
   0.120748058
   0.110926539
5.69184449E-05
4.52652166E-05
5.54298713E-05
 0.00851011556
 1.4180333E-05
  0.0469055437
 0.00930709485
  0.0142866392
1.05418958E-05
5.20402755E-05
3.27305679E-05
4.18882373E-05
  0.0467777438
  0.0293987766
  0.0696238577
   0.030095119
  0.0313496701
  0.0521048829
  0.0629320219
  0.0197785422
 0.00275945617
 0.00653144205
  0.0403593928
  0.0393741392
    0.01660477
 0.00292587047
5.87470277E-05
 0.00836471375
  0.0161505584
 0.00361795933
 0.00102096051
4.27557507E-06
 0.00077425054
  0.0279999617
  0.0178449769
 0.00794134662
  0.0228256732
6.14379605E-05
6.80083758E-05
6.05039168E-05
7.38709568E-05
5.13392479E-05
4.40691692E-05
3.43622014E-05
  0.0115145613
1.43458119E-05
5.64765696E-06
9.01981766E-05
 3.9580078E-05
 0.00484229345
  0.0716229901
   0.330313087
   0.384222418
   0.522809148
   0.546500623
     0.4378829
   0.165474802
   0.368597388
   0.377290457
  0.0782746375
 0.00178572966
1.47932788E-05
4.50376456E-06
3.56280293E-06
  0.0307591259
  0.0375100896
  0.0979664177
  0.0312884301
 0.00262221158
    0.25974223
   0.507727444
   0.385215849
    0.40742299
    0.58480078
   0.215733737
   0.159837604
  0.0153777814
  0.0206625573
 0.00540962443
2.58541713E-05
   0.111826763
   0.256875634
   0.534848511
   0.318886399
   0.350883424
   0.709631026
    0.31837669
  0.0486317463
  0.0186876077
  0.0288290158
   0.153121814
   0.103190459
   0.361461759
   0.621732235
   0.736403823
   0.943308949
   0.633866489
     0.5090819
   0.111802205
   0.340869427
   0.354512632
   0.170055896
  0.0899422392
 0.00750002451
   0.333497792
   0.346352994
   0.811787188
      1.234236
   0.595523179
  0.0457884632
   0.296843976
    1.00152957
    1.11209273
    1.24163544
    1.32223034
    1.41155982
   0.930255532
   0.913072407
    0.99952203
    1.15381789
    1.36988759
    1.27607942
    1.04918027
    1.15141475
    1.30586684
   0.365160316
   0.262019575
   0.413029075
    0.22153765
   0.461970657
   0.452334225
   0.666813254
   0.620663166
    1.21714532
    1.30173159
   0.458729386
   0.302200496
   0.515677631
    1.10614622
    1.00620401
    1.09208143
    1.36976504
    1.17962134
   0.559459329
    1.05112875
    1.49915397
    1.41851211
    1.32899392
    1.46838903
    1.43878055
    1.54397953
    1.33847558
    1.35954285
   0.697668195
    1.23788166
   0.949289083
    1.38585651
    1.43069434
    1.46469581
    1.27480924
    1.50473273
    1.37015772
    1.45128632
   0.623626709
    1.37355387
    1.49772668
   0.989214122
    1.40636015
    1.48874748
    1.42252684
    1.56299686
    1.54660976
    1.36553967
    0.82396394
   0.787332714
     1.3473016
   0.826375723
    1.36424506
    1.51316178
    1.60778582
    1.75172985
     1.5406791
    1.61775231
     1.6758467
    1.55014729
    1.53663468
     1.7663908
    1.72517097
     1.8029139
    1.60962725
    1.58581293
    1.76798427
    1.79691792
    1.62463129
    1.82236338
    1.55041647
    1.54592872
    1.60523081
    1.53004956
    1.79650092
    1.49385452
    1.65867281
     1.6822896
    1.63165414
    1.67536187
    1.55931854
     1.4509207
    1.66282296
    1.66351843
    1.51412284
    1.65022147
     1.6248672
    1.79867768
    1.66369033
    1.62041962
    1.70836163
    1.58371389
    1.77100682
    1.71487021
    1.63189709
    1.65131521
    1.73832154
      1.722211
    1.73686767
    1.77049291
    1.73211396
    1.73998141
    1.74413025
    1.72053289
    1.30753791
    1.03671861
    1.57080841
    1.59941196
    1.51215744
    1.39564323
    1.47956145
    1.64908135
    1.70446193
    1.63763154
    1.67033148
    1.23359513
    1.65604448
    1.43917179
     1.4920727
    1.67379749
    1.52374005
    1.65109622
    1.55962431
    1.41119647
   0.302306354
   0.796810567
    1.26929629
    1.40668011
    1.40309334
    1.39852989
    1.43653202
    1.53636348
    1.51892745
    1.50409234
    1.29022634
    0.61635536
   0.750799894
   0.807543635
    1.04477608
    1.37447751
    1.46008956
    1.54306626
    1.50708342
    1.55780935
    1.32520652
    1.22468877
    1.27312303
    1.43462777
    1.26349485
    1.40429723
    1.04563022
     1.1740725
    1.22867119
     1.1841507
     1.3146261
    1.31969833
     1.1953721
     1.2247504
    0.97244221
    1.17287099
    1.30378211
    1.08747232
   0.957132697
    1.24644971
     1.1416806
    1.28282392
    1.21994328
    1.27468705
    1.27499616
    1.25156784
    1.20617378
    1.07225955
    1.14497709
    1.13354135
    1.11041784
    1.22581732
    1.20580184
    1.20954323
    1.17478657
     1.0943377
   0.976981342
     1.0084033
     1.0512557
   0.948544145
    1.08632314
   0.859160781
   0.987718403
   0.276656091
   0.231620342
  0.0946937278
   0.112016328
   0.352382809
   0.417086005
   0.265165836
   0.444372058
   0.516484976
   0.118496634
  0.0201741792
  0.0250405613
   0.091669485
   0.160247415
   0.270198435
   0.421080709
    0.15017274
   0.021035349
   0.150487199
   0.281040609
   0.455918133
   0.485801756
  0.0899210051
 0.00678928709
   0.101450905
   0.235438094
   0.214715809
 0.00836129487
   0.113820881
 0.00980748329
   0.028487483
   0.180501148
  0.0302965678
   0.233445272
  0.0766254216
 0.00104415871
  0.0316387229
  0.0463802367
   0.128772274
  0.0732827783
  0.0206082091
  0.0953569263
  0.0247768499
  0.0651081502
  0.0464573726
   0.154555723
 0.00607350795
 0.00483542308
 0.00139343215
  0.0013930843
  0.0149128586
 0.00948116183
 0.00654005259
  0.0277253147
  0.0025439444
 0.00591550441
 0.00363544282
  0.0808397532
 0.00993750803
  0.0647378564
2.85162696E-06
1.18438375E-05
  0.0192658547
   0.086306341
   0.137746617
   0.170677647
  0.0949962512
 0.00330091943
  0.0641627014
  0.0664247945
 0.00103432091
  0.0153105278
 0.00905697793
   0.121333957
  0.0193560272
   0.123333268
  0.0358798429
   0.023953218
3.94212748E-06
  0.0102538001
0.000158390525
  0.0415934548
   0.460289568
   0.440102756
   0.107070193
   0.093792133
    0.19127655
   0.463553756
   0.382739723
    0.12097726
    0.43706584
  0.0255081821
   0.164660707
   0.481063187
   0.364358038
   0.155093864
   0.141828358
   0.467373043
   0.603129447
   0.536910057
   0.685847878
   0.104527883
   0.401098371
   0.478071094
    0.60418576
   0.395407587
   0.519675791
   0.493888795
   0.558912277
   0.427127123
   0.434226841
   0.709892035
     0.5476861
   0.680003762
   0.506352723
   0.749760449
   0.679443777
     0.6962502
   0.907960773
   0.819041431
   0.773255765
   0.919781804
    1.03516138
    1.02815449
   0.863486528
    1.04830527
   0.935900271
   0.993115723
    1.03854823
    1.10692799
   0.902610004
   0.992403626
   0.523244023
   0.175361529
   0.859395325
    0.95302248
    1.02192676
     1.1037333
    1.15907729
    1.17647183
    1.13299167
    1.11923659
    1.14758658
    1.20069194
    1.05665052
    0.88834542
    0.42615515
   0.874183118
    1.15837097
    1.06697214
   0.477310717
    1.25868273
    1.04332316
    1.15920305
    1.10138071
     1.0622375
    1.22335088
    1.25023496
    1.23423278
    1.19013441
    1.14451051
    1.03234899
   0.923053622
    0.45873946
   0.571051657
    0.24497287
   0.229587078
    0.20931904
     1.3356179
    1.48195755
   0.493499011
   0.300727427
   0.437988579
   0.783493221
   0.653827488
   0.979659975
     1.4186722
    1.06346965
  0.0882362053
   0.473352194
   0.768293619
   0.579018116
   0.938373804
    0.39243269
    1.03401613
   0.259767115
   0.440315425
   0.299257249
   0.357571423
   0.312030256
   0.821964562
   0.930449724
   0.994823158
    0.25755167
   0.463216186
   0.841377616
   0.836631536
   0.782750428
   0.987060428
    1.54883361
    1.45076382
    1.11698902
    1.31934023
    1.44479847
    1.55912614
    1.54656017
    1.55543816
     1.5411638
    1.51934671
   0.926731288
     1.1653142
    1.17382407
    1.48916423
    1.57485664
    1.67175031
     1.6179446
    1.57663631
    1.64583611
     1.5708288
     1.7201395
    1.72118497
    1.73958838
    1.61813295
    1.06411541
    1.42855263
    1.70492578
    1.47808146
     1.4435662
    1.34268546
    1.63997245
    1.48435533
    1.15070772
    1.63811898
    1.41751766
    1.66255307
    1.71161735
    1.57175589
    1.67714298
    1.62707043
    1.24705696
    1.77895284
    1.45545423
    1.62432361
    1.86405981
    1.84567571
    1.88764775
    1.64570606
    1.32902575
    1.26080585
    1.83136404
    1.68126631
    1.55548167
    1.76684129
    1.89138579
    1.78496444
    1.65874636
    1.84438622
     1.6627984
    1.74197662
    1.82650459
    1.75194085
    1.65461147
     1.6768204
    1.84638679
    1.66532433
     1.7204293
    1.80847621
    1.88065648
    1.75231016
    1.44394231
    1.85967946
    1.81464398
    1.77641928
    1.91187465
    1.84816897
    1.63367176
    1.61242437
    1.21570528
     0.9853037
    1.44997275
    1.72678602
    1.78314435
    1.81485379
    1.77970326
    1.78178215
    1.77697051
    1.70058656
    1.38643539
    1.62622035
      1.781497
      1.622769
    1.16361392
    0.85412842
    1.78652346
    1.61202323
    1.53079975
     1.4693594
    1.20393276
    1.65767705
    1.53413999
    1.55522823
    1.54471529
    1.45691264
    1.50917923
    1.57785714
    1.41823566
    1.45764947
    1.45844567
    1.61485624
    1.45104861
    1.32607222
    1.42541695
    1.44279075
    1.59209216
    1.44997168
     1.5572437
     1.5082221
    1.47733474
    1.28434086
    1.37058151
   0.435377777
   0.912107229
   0.669588327
   0.913735151
    1.23703122
    1.25534213
   0.817055941
    1.19599938
   0.446649641
    0.44005242
   0.354763895
   0.348418921
   0.247858956
   0.390587777
   0.277556986
   0.330921859
  0.0838372782
  0.0846778676
  0.0505782627
  0.0973713174
   0.198589221
  0.0473246053
  0.0641178638
   0.282950729
   0.445365816
     0.4143022
   0.353173763
   0.487738788
   0.460048556
   0.184914246
    0.47848627
   0.234368622
   0.242772937
   0.250535309
   0.121778592
   0.323610336
   0.248404428
   0.060415782
   0.263521731
   0.189137876
  0.0404767841
  0.0755186155
   0.186494455
   0.277240604
   0.412318259
   0.369958043
   0.249186188
  0.0405228622
    0.10373652
   0.231549487
   0.154762954
  0.0650203079
    0.31507659
  0.0138405506
   0.115239233
  0.0241458919
  0.0714297518
  0.0570547171
  0.0293990821
  0.0685971454
  0.0579218864
  0.0225027446
  0.0324995853
   0.197660789
  0.0315633677
  0.0385117978
  0.0601714626
  0.0844247043
   0.115486778
  0.0802477673
  0.0981565267
  0.0966788009
  0.0766977742
   0.201275527
   0.110220112
  0.0671294779
   0.163062572
   0.179826364
  0.0172048956
  0.0391969942
  0.0237538051
  0.0232070349
  0.0255559944
  0.0508559048
  0.0155368932
  0.0667874441
  0.0685085207
   0.176337168
  0.0169865787
  0.0170189533
  0.0882226676
  0.0898336694
   0.041810859
  0.0404588096
  0.0968242362
 0.00332044135
  0.0297483299
 0.00881547108
 0.00811352767
  0.0171843264
  0.0106289983
    0.03453907
  0.0197390355
  0.0513030551
  0.0263420939
  0.0160236005
  0.0696203783
   0.149313793
  0.0620382205
  0.0212724768
  0.0476953089
  0.0910391733
  0.0904508606
  0.0151125723
  0.0292492043
  0.0108253341
  0.0329621658
  0.0472939014
  0.0567428246
   0.135099128
   0.254760951
   0.222710624
   0.158992514
   0.213035688
  0.0215057898
   0.063603349
  0.0356176458
  0.0111145973
 0.00956763327
  0.0622087531
   0.014701413
 0.00540228561
  0.0194481295
  0.0103662265
 0.00869996753
 0.00541999331
  0.0133580575
 0.00244778977
 0.00467980886
  0.0292070843
   0.100543715
  0.0890741944
  0.0130302217
  0.0700545609
   0.213024721
  0.0956165195
   0.270121306
  0.0462580845
  0.0294849053
  0.0751238167
   0.252177179
    0.10122174
  0.0235526338
  0.0527679063
  0.0558324456
   0.129211962
  0.0100485971
  0.0109279025
   0.027583437
   0.084505409
    0.24790813
   0.209301069
   0.266553581
  0.0684193894
    0.12445198
  0.0887293592
   0.271720588
  0.0537537187
  0.0235648192
  0.0342209041
  0.0278672148
  0.0582756028
   0.110381603
 0.00601702882
  0.0172443911
  0.0625576451
   0.161420643
   0.306080669
    0.01387069
  0.0461078584
  0.0688499659
  0.0587988645
  0.0481598936
  0.0844090953
  0.0436884761
  0.0402870141
  0.0555025339
   0.030722931
  0.0729000196
   0.213433564
  0.0438453928
  0.0446712486
  0.0555818751
  0.0802235231
   0.139544606
    0.18216145
  0.0784039944
  0.0952335522
  0.0512700863
  0.0320750698
  0.0333314836
   0.102963075
  0.0679234713
  0.0463597625
  0.0814765841
  0.0975113809
  0.0526671484
   0.095299989
  0.0516037121
   0.140540645
  0.0610501468
   0.150990799
  0.0825490877
   0.056411922
  0.0584791675
  0.0819619521
  0.0590533912
   0.121777266
   0.512883365
   0.564203501
   0.502404213
   0.705999017
   0.606644154
   0.533882499
   0.182385594
   0.273580849
    0.51884228
   0.243936002
   0.360818475
   0.585095167
   0.406511754
   0.396323204
   0.130828097
  0.0826887861
 0.00868516974
  0.0295225438
   0.340117216
   0.334904194
   0.385287076
   0.584103167
   0.692465246
   0.238159463
   0.199463636
   0.181395009
   0.112910993
   0.452958554
   0.507433176
   0.433056861
   0.618153334
   0.392563879
   0.184197351
  0.0998633653
  0.0700604096
  0.0619943291
   0.167796031
   0.200561389
   0.278486311
   0.622664034
   0.539383888
   0.544975281
    0.60516876
   0.332936049
   0.237266988
   0.169989824
  0.0834914744
   0.462988526
   0.377587736
   0.398991883
   0.391011089
    0.51127708
   0.669578969
   0.622333407
   0.359180868
   0.242194325
   0.141363248
   0.264824063
   0.233230129
   0.318833351
   0.626389265
   0.526396036
   0.594464123
   0.672883749
   0.475295544
   0.187826902
   0.308671355
   0.322265744
   0.492732167
   0.466327876
   0.617359519
   0.455573291
   0.494790852
   0.452962726
   0.444106191
   0.408373028
     0.4135755
   0.373578787
   0.463755041
   0.376476884
   0.450867623
   0.431348652
   0.271117121
   0.208414882
   0.186892077
   0.193583921
   0.219586432
   0.287490696
   0.310516566
   0.291723788
   0.277641535
   0.504228354
   0.397687286
   0.475814044
    0.41547361
   0.362864465
   0.397042841
    0.36357227
   0.369207174
   0.382328063
   0.375275224
   0.377145916
   0.444589585
   0.418379396
   0.406536341
   0.218566373
   0.232894883
   0.630765796
   0.524546087
   0.225674167
   0.232651666
   0.316008985
   0.577573478
   0.496133655
   0.373898506
   0.304534376
    0.26318562
   0.442469805
   0.427467257
   0.279463619
   0.191795141
   0.191245571
   0.289515764
   0.322102398
   0.269939661
   0.115471758
   0.301054209
   0.165152967
   0.186233103
   0.118434541
  0.0409898944
   0.253261387
   0.230480686
     0.2060996
   0.292070746
   0.233586773
   0.264359176
   0.216509745
   0.239143804
   0.284331143
   0.330961138
   0.211746603
   0.260770291
   0.216624632
   0.205822662
   0.201619655
   0.248651057
   0.228605241
   0.307063758
   0.343304664
   0.285037518
   0.188526377
   0.279670775
   0.270745993
   0.246857256
   0.224239662
   0.212065175
    0.24179171
   0.259603292
   0.230304495
   0.242129326
   0.209279522
    0.25274533
   0.186652273
   0.182279542
   0.138983309
   0.178604037
  0.0271054283
  0.0611979775
  0.0405719765
  0.0229393374
  0.0721555054
   0.179302722
   0.212409168
   0.313868821
   0.333570093
   0.348600596
   0.447714359
   0.421978116
   0.370772123
   0.348352402
   0.476531893
   0.554422796
   0.685999095
   0.757012725
   0.973183811
   0.437688172
   0.676061392
    0.99165225
    1.17524683
     1.1506834
    1.21319628
    1.19816864
    1.23747361
   0.886934161
    1.19593513
    1.42237794
    1.60434377
    1.93747127
    1.87830639
    1.77071548
    1.92267334
     1.7286973
    1.55073094
    1.64620221
    1.60005724
      1.628425
     1.7888695
    1.89639962
     2.0293653
     1.8094815
     1.9323175
    1.50328743
    1.74278724
    1.97656596
    1.95300782
    1.92734504
    1.78873849
     1.8303293
    1.68281257
    1.57100725
    1.30882132
    1.92705131
    1.85576677
    1.60616207
    1.62665617
     1.4904201
    1.69231379
    1.66130686
    1.86500537
    1.89935756
    1.59864104
    1.74082386
    1.78620279
     1.6108048
    1.58444464
    1.69561756
    1.86116791
    1.59647739
    1.75010073
    1.82371616
    1.80979097
    1.44425464
    1.36538756
    1.70682418
    1.68216753
    1.60614157
    1.68502021
    1.25954545
    1.49654865
    1.61634314
    1.68160307
    1.65228486
    1.40062821
    1.52827406
    1.73359001
     1.6147716
    1.63088536
    1.58892679
    1.37520206
    1.22287583
    1.43015838
    1.18060386
    1.35371745
    1.52886546
    1.40809155
    1.01387382
   0.941156983
   0.776939809
    1.28213048
    1.40876734
    1.40040481
    1.16737449
    1.08035755
    1.13723314
    1.43113744
    1.51304209
    1.50637436
    1.53671491
     1.2802515
    1.24036098
     1.2383821
     1.2788502
   0.928733289
   0.806216836
   0.968519986
    1.34349573
    1.36465156
    1.20809889
    1.19123018
    1.04891789
     1.0766747
    1.02456629
   0.915846288
   0.850843132
   0.798273683
   0.699359715
   0.578847408
   0.564611673
   0.215409428
   0.165112928
   0.315137982
   0.313702464
   0.322978228
   0.107506551
   0.114483349
   0.130776212
   0.142109528
   0.138664812
  0.0588610582
  0.0450548902
  0.0496378765
   0.068889007
  0.0558274873
  0.0144209405
  0.0423350856
  0.0656315535
  0.0815328658
  0.0676779747
  0.0761864707
  0.0420654975
  0.0265180804
  0.0257175416
 0.00148523762
 0.00687216967
  0.0425718762
  0.0191105362
 0.00207256293
  0.0118074287
  0.0175745543
  0.0139017832
  0.0154348174
  0.0306687094
  0.0535079762
  0.0220620763
  0.0139266998
  0.0319470055
  0.0382036157
   0.030559659
  0.0175839365
  0.0190004166
 0.00447643874
  0.0111256288
  0.0184048563
  0.0178815201
   0.040815182
  0.0339300744
  0.0362337865
 0.00675130449
  0.0146242855
 0.00882169232
 0.00457624346
  0.0010485996
 0.00356630329
 0.00337723689
 0.00806354452
 0.00506192725
0.000722197641
  0.0110143004
 0.00182459364
 0.00296956697
 0.00151107251
 0.00954280514
  0.0138893491
 0.00658012647
 0.00421971316
  0.0017414249
  0.0022611937
 0.00139995047
 0.00390008744
  0.0628107339
  0.0164509136
  0.0150717078
 0.00769063877
  0.0221418738
  0.0172892231
  0.0372410342
  0.0217098761
  0.0227329433
 0.00990476925
  0.0121365497
 0.00473284489
 0.00912037771
 0.00708171446
 0.00366949057
  0.0134808328
  0.0169993155
 0.00495470734
 0.00567382574
  0.0010966605
 0.00876129512
 0.00180631992
 0.00130580633
0.000510693004
0.000506251818
 0.00630428968
  0.0163915455
   0.003803086
0.000605712354
  0.0122741926
 0.00355753745
  0.0235060751
     0.0202225
 0.00911586359
 0.00484255282
 0.00504736463
 0.00168269302
 0.00309900171
  0.0115029765
 0.00517995516
 0.00854877383
  0.0113221994
 0.00308759138
 0.00399994338
  0.0208165925
  0.0086250715
  0.0197682101
 0.00619551772
 0.00875389948
 0.00630352739
 0.00699606864
 0.00705106556
  0.0135677075
 0.00884768739
  0.0145410486
  0.0148181375
  0.0315539911
  0.0435041226
  0.0380974673
  0.0479120426
   0.049377203
  0.0505439788
  0.0784439072
  0.0634193271
  0.0585448518
  0.0685983971
  0.0537627116
  0.0542142466
  0.0583199076
  0.0614000559
  0.0608160011
  0.0745194778
  0.0698766634
  0.0608945861
  0.0300329905
  0.0183326937
  0.0240219738
  0.0250842851
    0.01760027
  0.0290746521
  0.0641285628
  0.0793534592
   0.106021084
  0.0734072626
  0.0825680569
  0.0796117336
   0.101266049
  0.0881255642
   0.088418521
  0.0780981183
  0.0862553492
  0.0809861869
  0.0856040716
  0.0925757065
    0.10771808
   0.111648828
  0.0844354331
  0.0824650154
  0.0863141939
  0.0879189223
  0.0910902023
  0.0732448548
  0.0498722158
  0.0557177626
  0.0596729927
  0.0632549152
   0.091619052
  0.0904855356
   0.100321606
   0.089537017
  0.0781671032
  0.0427774228
  0.0934421718
   0.114195503
  0.0477364622
  0.0637474209
  0.0825787038
  0.0785537362
  0.0753284916
  0.0260896776
  0.0208147317
   0.026160419
  0.0436061099
  0.0623636656
  0.0893181264
   0.107920617
   0.105638236
   0.109566264
   0.109484859
   0.088389501
  0.0719746053
  0.0568314418
  0.0612855516
  0.0968805552
  0.0556883365
  0.0835173056
   0.102890864
   0.110307649
   0.113372855
   0.116118819
   0.121961989
   0.129227772
   0.119321235
  0.0974609777
   0.104067855
  0.0668959096
    0.04425136
   0.075238809
   0.104564428
  0.0995664671
   0.130923122
   0.120992973
   0.110938981
   0.120284915
   0.140450001
     0.1311941
    0.13455835
   0.110869907
  0.0735124722
  0.0495554507
  0.0824857801
   0.119084977
   0.127467334
   0.131598175
   0.136742026
   0.140638575
   0.174429417
    0.21202521
   0.234433606
   0.238566458
   0.181727901
   0.132724524
   0.256538749
   0.243422732
   0.398792475
   0.415884584
   0.455566645
   0.609406352
   0.688671887
   0.817888558
   0.260675997
   0.848089099
   0.379504502
   0.940631807
   0.738390982
    1.11768997
     1.2683872
    1.34573781
    1.23172772
    1.24461961
    1.55054927
    1.23657012
    1.61504698
    1.65815055
    1.26604474
    1.37516427
    1.67577624
    1.60409284
    1.71846104
    1.84866202
     1.7537564
    1.68049431
     1.8701371
    1.95907307
    1.98281419
    1.94645619
    1.96100712
    1.94040585
    1.89153492
    1.62277377
    1.91748989
    1.94886899
    1.85880637
    1.99784303
    1.91336024
    1.90816438
    1.56191349
    1.47083139
     1.3841238
    1.53254759
    1.84818077
    1.79007053
    1.96616387
    1.86631393
    1.95828724
     1.8853724
    1.91040719
    1.26866424
    1.45147455
    1.77004218
    1.68655968
      1.575688
    1.55814016
    1.58976972
     1.6334132
    1.57637596
    1.67428112
    1.76517892
    1.70590925
    1.59672832
    1.59963667
    1.35682881
    1.11737585
    1.55458689
    1.46427333
    1.56632876
    1.63538694
    1.66951489
    1.69578421
    1.55425465
    1.53352165
    1.40336883
    1.63669276
     1.6671685
    1.56283164
    1.63044095
    1.69226682
     1.5737294
    1.48028505
    1.40068495
    1.53241074
    1.65909755
    1.61836517
     1.6764642
    1.60225654
    1.44196177
    1.38173628
   0.882026672
    1.40401018
   0.746607244
     1.2696749
     1.0227679
   0.853189409
   0.984758377
   0.565407276
   0.583073914
    1.35926187
    1.39758778
     1.0704397
    1.09954131
    1.18125629
    1.32036996
    1.29558921
    1.21469164
    1.23703408
    1.07965171
   0.997839868
   0.425789595
   0.754500031
   0.865090668
   0.840397835
   0.696972787
   0.450065196
    0.48923862
   0.260439396
   0.274394631
   0.142801121
   0.326368064
   0.241495177
   0.272562981
   0.240714565
   0.217496201
    0.14506872
     0.1203655
   0.100568481
  0.0515191294
  0.0540271625
 0.00813018996
  0.0093255965
   0.028003538
   0.010998942
   0.015926633
  0.0127405161
  0.0130371172
  0.0567597151
   0.053886652
   0.060860578
  0.0487008542
   0.049920924
  0.0175245516
  0.0528760701
  0.0348890796
  0.0265345238
  0.0232695974
  0.0053736046
 0.00914896093
  0.0376004577
  0.0198380668
  0.0143729765
  0.0129828835
  0.0296461191
  0.0302359052
  0.0341274999
  0.0182516277
  0.0216865465
  0.0212505385
  0.0108527746
  0.0189239327
  0.0161221009
  0.0134743676
  0.0160047747
  0.0159311239
  0.0131908162
 0.00575983152
 0.00431077043
  0.0053295698
 0.00626788195
 0.00760269538
 0.00800555851
0.000158967247
 0.00796224363
  0.0163245928
  0.0091596609
 0.00368669443
 0.00296618347
 0.00544132106
  0.0131727075
   0.017355511
 0.00912795868
 0.00193169515
0.000674986048
 0.00275146752
   0.002999797
 0.00107332796
9.79024917E-05
8.92611206E-06
 0.00278158626
0.000470927102
8.06852404E-05
 0.00041411462
 0.00113167218
 0.00127270736
 0.00165611936
 0.00275655487
  0.0013774588
 0.00323957368
0.000871495286
 0.00113564299
 0.00631103432
 0.00314495992
 0.00373293948
 0.00373788481
0.000816091022
0.000363840227
 0.00471534999
  0.0141452271
 0.00295310142
 0.00145273667
 0.00086128182
2.37060503E-05
1.44652167E-05
3.11717959E-05
0.000944372732
  0.0102149639
 0.00569959031
0.000453042041
0.000899458479
 0.00213930826
 0.00915381033
  0.0231231414
  0.0152604999
 0.00438175164
 0.00462316535
 0.00774567574
   0.019745687
 0.00665273517
 0.00653833197
 0.00163407135
  0.0041015232
   0.011492271
 0.00679118466
  0.0163256731
  0.0168032944
 0.00508993631
 0.00214342517
 0.00313623832
 0.00811527111
 0.00493404549
  0.0115225539
 0.00674964488
 0.00722514698
 0.00597161101
0.000852039549
0.000112586618
 6.1604951E-05
2.96081471E-05
2.27554629E-05
6.57868213E-06
 0.00431234343
 0.00939421542
   0.010182986
 0.00625789398
  0.0029431819
 0.00384706142
  0.0116862925
  0.0132630002
   0.031051239
  0.0160907712
  0.0210807547
   0.038359426
  0.0204829704
  0.0156829003
  0.0233529191
 0.00188735861
 0.00375446491
0.000242537091
  0.0198885296
  0.0100743836
0.000671461341
 0.00732431933
 0.00664565479
 0.00254412065
 0.00747624133
   0.018319862
  0.0147018339
  0.0353853516
  0.0372020788
  0.0233628023
  0.0207398664
  0.0457231402
  0.0518377908
  0.0438358672
  0.0204298552
  0.0376124643
   0.026256362
  0.0293561704
  0.0395314805
  0.0128764752
  0.0438549295
  0.0192876123
  0.0360964611
  0.0219839811
   0.017453108
  0.0482915863
  0.0458162725
  0.0363618471
   0.066009149
  0.0817368403
  0.0637379289
  0.0723029673
  0.0886866376
  0.0768507496
  0.0721419752
  0.0284664985
  0.0316503942
  0.0451433361
  0.0432884283
  0.0505253263
    0.05061597
  0.0654572546
  0.0341108963
  0.0609920174
  0.0365492031
  0.0724579617
  0.0739274696
   0.110038757
   0.110122584
   0.105735123
   0.111045003
  0.0994949862
   0.104723416
  0.0913542509
  0.0937485546
  0.0976740792
  0.0824037716
  0.0571996383
  0.0308611151
  0.0185174625
  0.0399247855
  0.0446168147
  0.0444986187
  0.0365494639
  0.0308111403
 0.00815546513
  0.0337648503
  0.0431961939
  0.0757337809
  0.0948084816
   0.115563087
   0.114405572
   0.116713159
   0.117062189
   0.103797235
   0.110699959
  0.0564570874
   0.105474398
  0.0714791641
  0.0945541337
   0.103979312
   0.120656662
   0.120151438
   0.131924868
   0.174555302
   0.214082152
   0.258778811
   0.273523062
   0.279225975
   0.335098535
   0.386017144
   0.442169279
   0.260001212
   0.183981135
   0.314872622
   0.273755759
     0.4786219
   0.578400612
   0.677858591
   0.708073974
   0.854848921
   0.936989903
    1.07708955
    1.20747173
    1.28817272
    1.21728563
    1.27559173
   0.981763184
    1.25374949
    1.22330856
    1.48244333
    1.77904439
    1.83647501
      1.638291
    1.51375031
    1.48410392
    1.75118363
    1.83807206
    1.90179443
     1.7818408
    1.76680124
    1.78244162
    1.80753374
    1.94265532
    1.84934223
    1.75960159
     1.6417613
    1.82086968
    1.71109629
    1.84119081
    1.88657939
    1.94056082
    1.88321745
    1.66989338
    1.75232959
    1.84864295
    1.92027748
    1.90595496
    1.95561612
    1.96952152
    1.89391506
    1.93367326
    1.90034628
    1.87469471
    1.85999596
    1.74341941
    1.89900649
    1.82604659
    1.84019947
    1.85999596
    1.84679723
     1.4997046
    1.63966596
    1.74345839
    1.88351941
    1.69352722
     1.7242831
    1.61455178
    1.63244331
    1.63700044
    1.41111934
    1.53213882
     1.6088593
    1.71123445
    1.67942572
    1.66348791
    1.42321026
    1.59412253
     1.6809274
    1.78700411
    1.60380423
    1.59109962
    1.68402028
    1.67771196
    1.41926122
   0.583942711
    1.29920828
    1.42694223
    1.45393682
    1.51904798
    1.24876785
   0.393897146
    1.15673828
    1.33089459
     1.4489218
    1.53767323
    1.48950112
    1.39553475
    1.56860733
    1.23908329
   0.988557637
   0.151646599
    1.07172036
    1.30852008
   0.846122861
    1.15907025
    1.14772177
   0.573731065
   0.933301449
    1.21946347
    1.11867988
    1.14457905
    1.14184117
    1.10966218
   0.868539989
   0.870654643
   0.739406168
   0.853439867
  0.0655841902
   0.375688046
   0.475023746
   0.291017026
    0.36875096
   0.298461854
  0.0464611761
  0.0816552415
  0.0625469461
   0.116427176
   0.114382476
   0.107379228
   0.062697567
  0.0402080193
  0.0329893678
  0.0275648534
  0.0391946919
  0.0594548844
   0.058845561
   0.040914271
  0.0501972586
  0.0205733031
  0.0324078873
  0.0355792679
  0.0567792654
  0.0607009418
 0.00355990394
 0.00050987018
0.000857019855
  0.0204015374
  0.0295604467
  0.0388469957
  0.0382647887
  0.0164794698
  0.0370538831
  0.0104901381
0.000177446214
 0.00199974235
  0.0138505679
 0.00278567406
 0.00102677802
  0.0089838272
 0.00688496325
 0.00295366696
 0.00527097518
 0.00476144347
 0.00339193712
7.54119174E-05
 0.00601745257
 0.00132840476
 0.00044862667
 0.00389847555
 0.00233902782
  0.0495403968
3.91734575E-05
4.14409224E-05
5.56223713E-05
2.92824225E-05
1.28556694E-05
5.03210913E-06
2.41436355E-05
  0.0125818644
 7.3440533E-05
 0.00145500409
 0.00709758606
 0.00429318892
 0.00709699327
5.91383541E-05
 0.00361094275
  0.0131811677
  0.0427943878
 0.00898150727
 0.00803091936
5.63832655E-05
4.47328239E-05
5.41631707E-05
  0.0079811234
1.32083705E-05
 0.00335194543
0.000590603391
0.000922730658
1.01240939E-05
4.74834051E-05
3.22567139E-05
  4.116747E-05
  0.0388645753
 0.00206059334
 0.00524665881
 0.00212679221
 0.00215997477
  0.0294701885
  0.0045593339
 0.00133559841
0.000159056101
0.000420979602
 0.00284569548
 0.00277698832
 0.00115855562
0.000177256414
4.50266589E-06
0.000487112731
  0.0010036655
0.000214718923
6.57789278E-05
3.39202415E-06
4.76157693E-05
 0.00186831877
  0.0010706106
  0.0004666108
 0.00157326064
6.09751187E-05
6.76080599E-05
  6.006482E-05
7.33007473E-05
5.04061754E-05
4.14214956E-05
3.01711225E-05
  0.0113291228
1.26947716E-05
4.95262202E-06
7.73267311E-05
3.84675477E-05
0.000362216058
 0.00520377001
  0.0423717164
  0.0301281232
  0.0624756739
    0.04286341
  0.0328410156
  0.0124206673
   0.066656068
  0.0278800316
  0.0055285804
0.000122462327
1.42679164E-05
  3.792391E-06
3.25325368E-06
 0.00218654005
 0.00264019589
 0.00710504455
 0.00218306668
 0.00015315917
  0.0188996661
  0.0453265123
  0.0325172804
  0.0329959989
  0.0497692004
  0.0155601753
  0.0115365386
 0.00114028703
 0.00149726798
0.000418415089
2.43336181E-05
  0.0082185315
  0.0190845709
  0.0516644269
  0.0244511776
  0.0257904511
   0.052920498
  0.0232865009
 0.00337223499
 0.00123845972
 0.00197430048
   0.011016503
 0.00735614588
  0.0294819996
  0.0690729171
  0.0580737367
  0.0725997388
  0.0480576493
  0.0374850519
  0.0080400575
  0.0260502584
  0.0262480583
  0.0122622773
 0.00635100622
0.000434615446
  0.0246238504
  0.0261585712
   0.078010045
   0.130843908
  0.0455056801
 0.00321286637
  0.0227827374
  0.0792124048
  0.0878082365
  0.0959691405
   0.109996341
   0.111632414
  0.0847074613
   0.069543384
  0.0788593516
   0.101977415
   0.119144067
  0.0966807082
  0.0901877284
   0.107110836
   0.109156728
  0.0272232443
  0.0196291432
  0.0324439444
  0.0170547273
  0.0354195163
  0.0338335037
  0.0505515784
  0.0472924598
  0.0983418524
   0.106991485
  0.0400856137
  0.0257542431
   0.039805647
  0.0873597637
  0.0761482194
  0.0861841589
   0.111925818
  0.0946249887
  0.0414658934
  0.0806477666
   0.121163592
   0.114880621
   0.110415086
   0.118530542
   0.117826283
   0.119004175
  0.0996744037
    0.10586112
  0.0589121319
  0.0973746702
  0.0758441538
   0.109845549
    0.12997739
   0.118017823
   0.101475857
   0.119458973
   0.109679624
   0.119144417
  0.0504460447
   0.110822119
   0.121172681
  0.0765632391
   0.133707017
   0.163043499
   0.184870481
   0.243159026
   0.290823132
   0.282625765
   0.187617049
   0.196505636
   0.378922909
   0.259997517
   0.465652496
    0.56920135
   0.653746307
   0.758845866
   0.739678323
   0.813685358
   0.898025334
   0.882315636
   0.931953847
     1.1600126
    1.20687461
    1.32283425
    1.23729444
     1.2876246
    1.51119292
    1.61508691
    1.52999055
    1.80391669
    1.59782004
    1.67140138
    1.72600186
     1.6472578
    1.93984056
    1.60329795
    1.76888227
    1.81027555
    1.75474131
    1.80472434
    1.67233467
    1.54655492
    1.76803458
    1.77407587
    1.62209427
    1.76320291
    1.72802007
    1.91420877
    1.77375257
    1.72514772
    1.81690001
    1.68292582
    1.87986946
    1.82050645
    1.73372257
    1.75341511
    1.84696651
    1.82799697
    1.84165597
    1.88265729
    1.83872998
    1.84838033
    1.85337651
    1.82547414
    1.38993561
    1.09811771
    1.65531731
    1.69607663
    1.60618556
    1.48616457
    1.56947613
    1.75140035
    1.81278872
    1.73844695
    1.77291453
    1.30982125
    1.76151228
    1.52689755
    1.57335699
    1.77785468
    1.61620891
    1.75486052
    1.65577757
    1.50179553
   0.320764184
    0.84012711
    1.34086919
    1.49025667
    1.48914468
    1.48838854
    1.52440166
    1.63118172
    1.61022556
    1.59685588
     1.3735975
     0.6540007
    0.78807801
   0.856743276
    1.10569429
    1.45432961
    1.54706943
    1.63525689
    1.59788144
    1.65491855
      1.408517
     1.3026588
    1.34229422
    1.52054322
     1.3401103
    1.49132681
    1.10838819
    1.24375355
    1.30460227
    1.25960958
    1.39802587
    1.40326869
    1.26817191
    1.30117679
    1.02442896
    1.23845518
    1.38311589
    1.15739107
   0.954820335
    1.16080785
   0.997140169
     1.0386101
   0.911099195
   0.893014014
   0.807008088
   0.734450161
   0.636120141
   0.494058847
   0.473969311
   0.413697094
   0.370225787
   0.370557904
    0.30433625
   0.256153315
   0.204498321
    0.15495123
    0.21550256
   0.140729904
   0.120686926
   0.077893652
  0.0822434723
  0.0974542201
  0.0805624425
  0.0202732254
  0.0168961491
 0.00679523638
 0.00810344238
   0.027411785
  0.0317007788
  0.0222895686
  0.0473821051
  0.0390125103
 0.00853360444
 0.00137561804
 0.00170548039
 0.00667337561
  0.0116534662
  0.0200151335
  0.0334918164
  0.0133232241
 0.00136874814
  0.0109755807
   0.020742286
  0.0351373479
  0.0369294509
 0.00650582835
0.000438175601
 0.00745537737
  0.0204588566
  0.0161146447
0.000498144422
 0.00839295797
0.000583221961
  0.0020081643
  0.0132301096
 0.00202912046
  0.0185685977
  0.0177150723
6.67217246E-05
 0.00231985864
  0.0161041338
  0.0340045989
 0.00529390853
 0.00146563235
  0.0392152853
 0.00172914693
 0.00461679744
 0.00324538955
  0.0117798001
 0.00177518639
0.000284820708
8.02122158E-05
9.67394226E-05
 0.00100359658
0.000638912607
0.000418529467
 0.00194295379
0.000150875319
0.000425295177
0.000257394917
  0.0367800035
0.000653362018
 0.00565631455
2.27672444E-06
9.30787155E-06
 0.00136837643
 0.00628886279
  0.0415524282
  0.0140283275
 0.00693174312
0.000249989127
 0.00515642948
 0.00476231799
6.19305356E-05
 0.00107181596
0.000626523572
 0.00892841723
 0.00132118876
  0.0317369476
 0.00252203341
  0.0232099071
3.11298481E-06
  0.0101173567
 1.8253264E-05
  0.0260460246
   0.118620247
   0.157918409
 0.00804823264
  0.0636616945
  0.0146567682
  0.0440996327
  0.0337794013
 0.00902803615
  0.0444026589
  0.0015744546
  0.0122375442
  0.0651173666
  0.0304389652
  0.0125545496
  0.0103349322
  0.0355956443
  0.0631995276
  0.0472102761
  0.0521731228
 0.00782930572
  0.0295534376
  0.0355937146
  0.0454413705
  0.0290070381
  0.0860761032
  0.0535963736
   0.137976155
  0.0320361108
  0.0701352134
  0.0681714416
  0.0405317023
   0.102444246
  0.0385098085
   0.139842212
   0.107320108
  0.0714317337
   0.122120857
    0.10134051
  0.0600365959
  0.0931326151
    0.10680674
   0.082907252
  0.0889299735
   0.165697619
  0.0828945562
  0.0780327991
   0.087709032
   0.167772546
  0.0754812807
  0.0867154375
  0.0418024883
  0.0127575155
   0.083234705
   0.101300403
   0.113451399
   0.160385773
   0.103713162
  0.0889427587
  0.0861985311
  0.0935469642
   0.143090978
   0.157216758
   0.132148162
  0.0714722201
  0.0320541635
    0.06501057
    0.11042808
  0.0801663324
  0.0355824269
   0.200220302
   0.114180572
   0.102508299
   0.155292481
  0.0858801976
   0.121337213
   0.132335126
   0.136222512
  0.0905894041
   0.130461544
  0.0811224878
   0.130419657
  0.0349628627
  0.0451895781
  0.0434396341
   0.016907813
  0.0158406682
   0.173561648
   0.209171191
  0.0361043699
  0.0221790485
  0.0536940806
  0.0579091199
  0.0480675809
  0.0723462328
    0.15262574
  0.0795907155
 0.00626375293
  0.0348024853
  0.0569992103
   0.042993471
  0.0706985369
  0.0286660586
  0.0782419071
  0.0190483779
  0.0333541408
   0.144495457
   0.183430687
  0.0353671275
  0.0642120987
   0.122181445
  0.0928710625
  0.0190651324
  0.0600380749
  0.0637398437
   0.065292567
   0.108341396
  0.0763837844
   0.122859791
   0.122941703
  0.0956721827
   0.113186538
   0.117624551
   0.126881212
   0.122759119
   0.122997627
   0.116425067
   0.141924009
  0.0697971657
   0.110703498
  0.0876191929
   0.169951871
   0.159554482
   0.174950927
   0.215748116
   0.122865081
   0.172310144
   0.216084331
   0.186201915
   0.180205598
   0.222607628
   0.225252271
   0.168427125
   0.254998088
   0.354052901
   0.371144265
   0.364932895
    0.37100482
   0.513796091
   0.523819745
   0.417258978
   0.642080009
   0.607617617
   0.813798904
   0.865750134
   0.860274911
   0.975717366
    1.03575063
   0.847284913
    1.23489714
    1.07423162
    1.24682558
    1.52539921
    1.58314145
    1.69876337
    1.54850078
    1.30926871
    1.30690491
     1.9876703
    1.81964958
    1.68324399
     1.9003669
    2.03097653
    1.91451848
    1.78447819
    1.98740327
    1.77917123
     1.8673445
    1.94232464
    1.86657643
    1.75534797
    1.78454435
    1.96549177
    1.77961051
    1.83429217
    1.92317641
    2.00280952
    1.85969174
    1.52770042
    1.97623551
    1.92516315
    1.88773537
    2.03305149
    1.96493077
    1.73334348
    1.71095085
    1.29199255
    1.03454757
    1.52165866
    1.82126892
    1.88802588
    1.92337263
     1.8882395
     1.8862375
    1.88494051
    1.80903625
    1.47447181
    1.71665812
     1.8879447
     1.7197597
    1.22724664
   0.906650186
    1.90163934
    1.70959842
    1.62029231
    1.55645633
    1.27579212
    1.75296831
     1.6243664
    1.64871323
     1.6388011
    1.54374099
    1.59871149
    1.67163479
    1.50251794
    1.54854929
    1.54723632
    1.70987463
    1.54216158
    1.40344274
    1.51624167
    1.53147018
    1.69533694
    1.54337847
    1.65846348
    1.60531676
    1.57147455
    1.36294794
    1.45360935
     0.4175556
   0.961458921
   0.690450847
   0.956994653
    1.30584979
    1.32241774
   0.866345286
    1.27246356
   0.429375082
   0.420550048
   0.333206236
   0.324721992
   0.223440588
   0.360393435
   0.256058007
   0.307042718
  0.0747675076
  0.0755679458
   0.045012299
  0.0871635452
   0.178370982
  0.0369457863
  0.0463319756
   0.213543773
   0.343164206
   0.313732147
   0.237114817
   0.288652062
   0.272642195
  0.0761219412
   0.213135928
  0.0903536752
   0.090889588
  0.0954020917
  0.0247410014
  0.0900644958
   0.068252936
  0.0065829712
  0.0508146174
  0.0134115927
 0.00252415473
  0.0105447229
  0.0170480125
  0.0258415416
  0.0636022463
  0.0439990982
  0.0382327065
 0.00283529144
 0.00710126897
  0.0767636448
  0.0205667671
 0.00395733258
  0.0737208351
0.000843627728
 0.00781930052
 0.00144245091
 0.00452186633
 0.00621501915
 0.00186365587
 0.00437915558
 0.00353258918
 0.00135309959
 0.00211438001
  0.0335118137
 0.00192668044
 0.00230094581
 0.00368454796
 0.00552797643
 0.00811609533
 0.00539327133
 0.00661699753
 0.00917319767
 0.00511681288
  0.0387309417
  0.0527642295
 0.00441245642
  0.0139858918
   0.030143464
 0.00103883923
 0.00259513198
 0.00139989809
 0.00137956627
 0.00150649727
   0.021984702
0.000948308036
  0.0432507768
  0.0190276261
   0.116656959
0.000992664485
0.000997810275
  0.0227211732
  0.0263015628
 0.00258091325
 0.00255346345
  0.0309215449
0.000192349573
 0.00189992902
0.000520987785
0.000476119865
    0.00101784
0.000636444427
 0.00215802179
 0.00126547413
 0.00462769112
 0.00157509779
0.000961724203
 0.00904282741
  0.0276477188
  0.0039580157
  0.0012602933
 0.00324029871
  0.0207003728
 0.00830351841
0.000890428317
 0.00181893213
0.000643284176
 0.00197254121
 0.00305215991
 0.00386844203
  0.0198752079
  0.0586967021
  0.0676302165
  0.0348033421
  0.0587787852
 0.00132733805
 0.00421174755
 0.00242449716
0.000650933536
0.000551705889
  0.0209704395
0.000849760021
0.000315426383
 0.00116280944
0.000611068157
0.000514091109
0.000314856734
0.000772848667
0.000138048534
 0.00026891139
 0.00172410416
  0.0146297431
 0.00574837532
0.000780675386
 0.00445989007
   0.017830627
 0.00632791501
  0.0305652469
 0.00279316283
 0.00171816966
 0.00477155996
  0.0234053899
 0.00717968354
 0.00135526701
 0.00319893169
 0.00336678931
 0.00943255052
0.000585998758
0.000621112937
 0.00160922483
 0.00525388448
  0.0201584958
  0.0413029715
  0.0611910559
 0.00786221027
 0.00868597347
 0.00618244382
   0.149590701
 0.00332213612
 0.00144358934
 0.00204314524
 0.00162307348
 0.00352939079
 0.00715934811
0.000344861473
 0.00100361102
 0.00378675875
  0.0194964949
    0.05772819
0.000812667073
 0.00288905273
 0.00426774984
  0.0035939326
 0.00330055202
 0.00525880978
 0.00260519213
 0.00236873445
 0.00334791024
 0.00177989528
  0.0044031702
  0.0312793478
 0.00267478521
 0.00271645095
 0.00329500437
 0.00733200554
 0.00889021903
  0.0120866252
 0.00482658669
 0.00604590494
 0.00307830167
 0.00192082452
  0.0020019142
 0.00652290601
 0.00418373849
 0.00280531729
 0.00494585512
 0.00649037678
 0.00313557172
 0.00595188793
 0.00319815241
 0.00921933819
 0.00365570164
 0.00966039672
 0.00539261429
 0.00338877458
 0.00350072887
 0.00514418259
 0.00355569157
 0.00753432047
   0.058762636
   0.119095907
   0.131838024
  0.0947865471
   0.140259609
  0.0437091067
  0.0114077004
  0.0185780711
  0.0421128385
  0.0159525443
  0.0256636534
  0.0712742805
   0.028832294
  0.0320927911
 0.00820642151
 0.00496824272
0.000504262338
 0.00176867167
  0.0259795785
  0.0242166333
  0.0278673284
   0.047258053
  0.0716679394
  0.0172235109
  0.0138648544
  0.0122631844
 0.00807921682
  0.0366810709
   0.038151253
  0.0342361256
  0.0496581718
  0.0293047708
  0.0121465186
 0.00609589275
 0.00426045479
 0.00367722497
  0.0108455326
  0.0134226913
  0.0208397098
  0.0501122214
  0.0417972803
  0.0419994965
  0.0480793677
  0.0240811203
  0.0154423146
  0.0105063813
 0.00503146555
  0.0341414101
  0.0317205153
  0.0403726436
  0.0468641482
  0.0744297653
   0.120905243
   0.132088035
  0.0753602833
  0.0559603721
  0.0324369706
  0.0696002021
  0.0678909495
    0.10244137
   0.264915675
   0.205609784
    0.25929746
   0.323525399
   0.227786824
  0.0868223086
   0.163019761
   0.181277111
   0.290195584
   0.286973029
   0.420156002
   0.305427402
   0.359726906
   0.329444051
   0.336651325
    0.32265076
   0.345428586
   0.317927361
   0.398376226
   0.325791329
   0.390952528
   0.373843998
   0.233264416
   0.181112394
   0.162722126
   0.168873206
   0.192601889
   0.258645743
   0.276996881
   0.256727368
   0.245068833
   0.454959124
   0.355662972
   0.431249648
   0.374192894
   0.325406581
   0.358696222
   0.332790703
   0.337029129
   0.348215193
   0.343380779
   0.341860861
    0.40928635
       0.38075
   0.370375603
   0.196610853
   0.209789798
   0.583185911
    0.48229152
   0.214240834
   0.213150918
   0.284402758
   0.531590283
   0.453346699
   0.340999812
   0.278928906
   0.236404523
    0.40263015
    0.38826555
    0.25289017
   0.175818995
   0.176701948
   0.260550767
    0.29134658
   0.248271555
   0.106914908
    0.27319029
   0.148632795
   0.168138847
   0.106182352
  0.0371290296
   0.254010081
   0.208365291
   0.185125694
   0.266249031
   0.210733011
   0.239437461
   0.194979623
   0.216466099
   0.258563399
   0.310532868
    0.19084914
    0.23638688
   0.195329502
   0.187040269
   0.188188434
   0.226284474
   0.210653678
   0.281846434
   0.316094875
   0.260542393
    0.16984354
   0.255767435
   0.246284381
   0.224669829
   0.203386858
   0.191805482
   0.219618216
   0.236524746
   0.209038168
   0.220111355
   0.189486414
   0.230783254
   0.169838488
   0.164678603
   0.126820058
   0.164263949
  0.0241108853
  0.0516594499
  0.0316856056
  0.0169552304
