#
    2.95105751
   0.723897935
    4.59721893
             0
             0
             0
             0
  0.0460667605
  0.0460667605
    2.17639331
  0.0460667605
    1.86168598
    14.1110637
             0
             0
             0
    7.79270877
             0
             0
  0.0460667605
             0
    2.38216349
    17.5607402
    23.6733249
  0.0460667605
             0
             0
             0
             0
             0
             0
    3.38680613
    24.5932386
             0
             0
             0
             0
             0
             0
             0
             0
    3.20524421
    23.3223052
             0
             0
             0
             0
             0
             0
             0
    10.1167014
    2.65248902
    19.4530189
             0
             0
             0
             0
             0
             0
             0
             0
    3.36259787
    24.4237808
             0
             0
             0
             0
             0
             0
             0
             0
    3.31821607
    24.1131082
   0.239732811
             0
             0
             0
             0
             0
             0
             0
    2.80177327
    20.4980086
             0
             0
             0
             0
             0
             0
             0
    4.69405197
    2.45882297
    18.0973565
             0
             0
             0
   0.239732811
    7.98637482
             0
             0
             0
    1.52277039
    11.5449885
  0.0460667605
             0
             0
             0
             0
             0
             0
             0
    1.81326947
    14.5468123
    3.72572172
    2.37005936
  0.0460667605
             0
             0
             0
             0
             0
    1.00172478
    7.73623251
             0
             0
             0
             0
             0
             0
    11.5369384
    1.27725023
   0.293358908
    1.14526035
    1.29108766
    4.20069089
   0.138316317
             0
   0.147541272
             0
   0.156766228
   0.548710806
             0
             0
     5.4041995
    7.15180643
             0
             0
             0
    0.19366605
     1.9366605
             0
             0
     2.3239926
    8.71497226
             0
             0
    5.22898336
    7.35930991
             0
    0.19366605
     3.4859889
             0
             0
    0.19366605
   0.387332101
             0
    0.19366605
             0
    0.19366605
             0
             0
    0.19366605
    0.19366605
             0
    0.19366605
             0
    0.19366605
             0
    0.19366605
             0
             0
    7.74664201
     2.3239926
   0.580998151
   0.387332101
    0.19366605
    5.03531731
   0.774664201
     1.1619963
     2.3239926
    10.6516328
             0
    0.19366605
             0
   0.774664201
    0.19366605
    12.3946272
    0.19366605
     1.5493284
             0
    0.19366605
             0
             0
    0.19366605
             0
    0.19366605
             0
             0
    0.19366605
             0
             0
             0
   0.968330251
    0.19366605
    1.74299445
    2.13032655
    2.13032655
    3.29232285
             0
             0
             0
             0
             0
             0
    0.19366605
             0
             0
    0.19366605
             0
     2.7113247
             0
             0
   0.968330251
    11.8136291
   0.968330251
   0.580998151
    5.80998151
    3.67965495
   0.387332101
    11.0389649
     2.3239926
   0.387332101
    8.71497226
    5.61631546
             0
   0.387332101
    6.00364756
   0.774664201
     1.9366605
    4.64798521
     2.3239926
    0.19366605
             0
   0.387332101
    6.39097966
             0
    0.19366605
             0
    0.19366605
             0
    0.19366605
             0
             0
             0
             0
    0.19366605
             0
             0
    0.19366605
             0
             0
    0.19366605
             0
             0
   0.968330251
    5.80998151
             0
     2.7113247
     1.5493284
             0
             0
             0
    0.19366605
             0
             0
             0
             0
             0
    0.19366605
             0
             0
   0.338915589
    2.37240912
             0
             0
             0
             0
             0
             0
             0
             0
   0.482705821
    3.57714551
             0
             0
             0
             0
             0
             0
             0
   0.121974967
   0.545437039
    4.26929139
    3.01431435
    4.17209353
   0.100889354
             0
  0.0924551087
    4.54255714
    3.95734187
    3.95312475
   0.543612907
    1.21722696
             0
             0
             0
             0
             0
             0
   0.820730962
    1.01439701
   0.812661544
     6.7678926
             0
    3.14472356
             0
             0
             0
             0
             0
             0
    1.29682667
    9.96338241
  0.0460667605
             0
    6.04971432
             0
  0.0460667605
             0
             0
             0
    0.82476567
    6.65895543
             0
             0
             0
             0
    1.20806306
    6.43704642
  0.0460667605
             0
   0.893355729
    7.13908584
             0
             0
             0
             0
             0
             0
             0
   0.239732811
    2.95509222
    8.98294804
    5.08138407
    2.56372541
  0.0460667605
             0
             0
             0
    1.40172911
             0
    1.12333416
    7.39327254
   0.433398861
             0
             0
             0
             0
             0
             0
             0
    1.70029761
     12.787679
             0
             0
             0
             0
             0
             0
             0
             0
    1.65188109
    12.4487634
             0
             0
             0
             0
             0
             0
             0
             0
    1.87782482
    14.0303695
             0
             0
             0
             0
    4.88771802
   0.627064911
             0
             0
    1.32103493
    10.1328402
             0
             0
             0
             0
    3.24155659
             0
             0
             0
    1.42190266
    10.8389144
             0
             0
             0
             0
             0
             0
             0
             0
    7.94199302
    23.9146005
             0
             0
             0
             0
             0
             0
             0
             0
    1.59942987
    12.0816048
             0
             0
             0
             0
             0
             0
             0
             0
    1.55908278
    11.7991752
             0
             0
             0
             0
    2.17639331
             0
             0
             0
   0.857043345
    6.88489915
             0
  0.0460667605
             0
             0
             0
             0
             0
             0
   0.699689681
    5.78342351
             0
             0
  0.0460667605
    3.91938777
   0.017016853
    4.92645123
             0
             0
   0.919875059
    1.81688885
    2.37175931
    17.2805118
    39.8874899
    12.8675425
   0.120783099
             0
             0
             0
             0
   0.519498447
     10.596283
   0.144466287
             0
    3.64275513
    2.68057485
    16.9405461
    8.07679099
    4.73251829
    0.18751608
    0.11619963
   0.658464571
   0.416382008
             0
   0.019366605
   0.106516328
   0.300182378
   0.290499075
    3.20517313
   0.106516328
   0.290499075
  0.0290499075
             0
   0.358282193
             0
  0.0484165126
             0
  0.0484165126
  0.0484165126
   0.290499075
    3.19548983
    3.42788909
    8.77307208
    6.26509673
    24.5374886
             0
   0.290499075
    1.46217868
    1.56869501
    0.19366605
    2.03349353
    2.51765865
    1.75267775
             0
   0.474481823
             0
   0.183982748
             0
             0
    4.09603696
             0
             0
             0
             0
             0
             0
             0
             0
     1.5493284
     1.5493284
    0.19366605
     3.4859889
   0.774664201
             0
   0.774664201
   0.580998151
    1.35566235
    0.19366605
             0
             0
   0.387332101
    0.19366605
   0.774664201
   0.774664201
             0
    0.19366605
             0
             0
             0
    0.19366605
             0
             0
    0.19366605
    0.19366605
             0
             0
             0
   0.774664201
     2.3239926
   0.387332101
    0.19366605
   0.387332101
    0.19366605
             0
    0.19366605
             0
             0
             0
             0
             0
             0
    0.19366605
             0
             0
             0
    0.19366605
             0
    0.19366605
             0
    0.19366605
    0.19366605
   0.968330251
    5.06436721
    7.46582624
    1.78172766
   0.319548983
   0.377648798
    0.19366605
    0.19366605
  0.0871497226
             0
             0
   0.968330251
    2.80815773
   0.900547134
    2.19810967
    8.23080714
    0.19366605
     1.1619963
    1.83014417
    3.64092174
    1.22009612
    0.19366605
    0.19366605
             0
  0.0677831176
    16.4131978
    0.19366605
             0
             0
             0
             0
    4.98690079
   0.580998151
   0.019366605
             0
             0
             0
    0.19366605
   0.213032655
    2.87594085
   0.455115218
             0
  0.0290499075
   0.213032655
  0.0774664201
    7.34962661
    9.88665187
             0
   0.135566235
 0.00968330251
    9.02483794
    18.9792729
    4.31875292
    0.04760957
   0.197700755
    8.44383979
    0.48713937
    2.92062254
             0
   0.554161916
    1.98058163
             0
             0
   0.338501283
    2.49116868
             0
             0
             0
             0
    1.84273368
   0.877377674
    4.56000687
    8.30073589
    12.2819336
    1.03291029
   0.417767071
             0
             0
    3.70635511
    10.3975171
             0
             0
             0
   0.465676536
    4.14533149
             0
             0
             0
             0
             0
   0.036383458
             0
    3.14472356
    2.32567756
    12.4108371
    2.42815918
    9.09027131
   0.859464172
             0
     6.3498967
   0.452765466
    1.97304396
             0
   0.376912931
    3.53366956
             0
             0
             0
             0
             0
   0.481815374
             0
   0.520548584
   0.469711245
    4.18325776
             0
             0
             0
             0
             0
             0
             0
             0
    1.33717376
    10.2458121
    10.8913656
    3.09630705
    16.5270476
    8.06384124
    4.23893675
    3.98717088
             0
             0
     0.4842362
    4.00411667
             0
             0
             0
             0
             0
   0.142899786
    6.34021339
   0.772314449
       13.5922
    7.16732881
   0.355932441
             0
             0
             0
   0.017016853
             0
             0
             0
    1.54294394
    11.6862033
             0
             0
             0
             0
             0
             0
             0
             0
    1.74871412
    13.1265946
             0
             0
             0
             0
             0
             0
             0
             0
    1.85361656
    13.8609117
             0
             0
             0
             0
             0
             0
             0
             0
    1.81730418
     13.606725
             0
             0
             0
             0
             0
             0
             0
             0
    1.66398522
    12.5334923
             0
             0
             0
             0
             0
             0
             0
             0
    1.66398522
    12.5334923
             0
             0
             0
             0
    8.76103902
             0
             0
             0
    0.77634916
    6.51370591
  0.0460667605
  0.0460667605
             0
             0
             0
             0
             0
             0
   0.929668114
    8.36160279
    36.6489503
             0
             0
   0.820730962
  0.0460667605
             0
             0
             0
   0.263941068
    2.73318321
             0
             0
             0
             0
             0
             0
             0
             0
    16.2655985
    1.06281352
             0
             0
   0.437740017
   0.829413273
   0.833754428
  0.0634313828
  0.0677725384
             0
  0.0401424661
    5.24925873
             0
             0
             0
             0
             0
             0
   0.111184094
             0
             0
             0
             0
             0
    1.88022548
   0.335238234
   0.145913339
             0
    2.47858825
   0.739934956
   0.163277961
             0
             0
             0
   0.180642584
    1.55032939
    2.18408521
             0
             0
             0
             0
    5.49043252
   0.300182378
   0.300182378
    5.48074922
             0
    3.63123844
    10.3998669
    7.50455945
   0.300182378
   0.580998151
             0
             0
             0
             0
   0.300182378
             0
    3.57313863
   0.900547134
     4.2412865
    1.18136291
   0.290499075
    23.2108761
    8.95705482
    14.3216044
       7.33026
     2.6919581
             0
             0
    1.46217868
   0.580998151
             0
             0
             0
             0
             0
             0
    19.9960197
    19.4440714
    13.2564411
    7.15596056
   0.290499075
             0
             0
             0
             0
             0
    4.44463585
    1.47186198
             0
   0.290499075
   0.300182378
    1.50091189
    2.44019223
    21.9423635
   0.610048058
    3.66028835
    1.48154528
    5.46138262
             0
             0
             0
             0
             0
             0
   0.600364756
             0
   0.290499075
             0
             0
             0
             0
             0
             0
             0
   0.590681453
    10.8452988
   0.881180529
    1.76236106
             0
             0
             0
   0.290499075
             0
             0
             0
             0
             0
             0
             0
             0
             0
    3.43757239
    4.65766851
    2.09159334
    17.8850597
   0.600364756
             0
    4.82228465
     5.3839162
             0
             0
             0
             0
             0
             0
             0
             0
             0
             0
             0
    2.07222674
             0
             0
             0
             0
             0
             0
     1.1716796
    3.87332101
    2.67259149
    11.4456636
    3.26327295
   0.900547134
             0
   0.338915589
    2.37240912
             0
             0
             0
    1.22009612
    1.78172766
    5.63568206
     7.5858052
    2.39933438
    4.69160087
    3.59148372
             0
             0
             0
             0
    6.16354447
             0
             0
             0
   0.544593614
    4.26676111
             0
             0
             0
             0
             0
             0
             0
             0
             0
      0.423164
   0.142899786
    1.93431075
    6.99867796
    5.50744938
             0
    1.95367736
             0
    1.05313022
    1.11284392
    6.57422655
  0.0460667605
             0
             0
             0
             0
             0
             0
             0
    1.29682667
    9.96338241
             0
             0
    2.79612467
             0
             0
             0
             0
             0
    1.21209777
    10.6194262
  0.0460667605
             0
   0.452765466
             0
             0
   0.055750063
    1.04344692
             0
   0.893355729
    7.13908584
   0.830414264
   0.849780869
             0
             0
             0
             0
             0
   0.249416113
    2.99382543
    11.7233227
             0
   0.636748214
             0
             0
             0
             0
             0
             0
   0.929668114
    7.39327254
             0
             0
             0
             0
             0
             0
             0
             0
    1.70029761
     12.787679
             0
             0
             0
             0
             0
             0
             0
             0
    1.65188109
    12.4487634
             0
             0
             0
             0
             0
             0
             0
             0
    1.87782482
    14.0303695
             0
             0
             0
             0
             0
             0
             0
             0
    1.32103493
    10.1328402
             0
             0
             0
             0
  0.0460667605
     4.8393015
             0
             0
    1.42190266
    10.8389144
             0
             0
             0
             0
             0
             0
             0
             0
    1.16368126
    9.03136455
             0
             0
             0
             0
    7.87985849
    2.02146047
             0
             0
    1.59942987
    12.2849542
             0
             0
             0
             0
             0
    2.39910927
  0.0460667605
             0
    1.95609818
    11.7991752
             0
             0
             0
             0
             0
             0
             0
             0
   0.857043345
    6.88489915
             0
    1.02408031
             0
    1.84716103
             0
             0
             0
             0
   0.704302159
    5.79264846
             0
             0
             0
             0
             0
             0
             0
             0
   0.177498203
     1.8282721
             0
             0
             0
             0
             0
             0
             0
             0
             0
             0
             0
             0
             0
             0
             0
             0
             0
    3.34119771
    8.69099318
    1.41376217
     4.6189353
    1.81077757
    0.19366605
    0.19366605
             0
    1.98507702
     1.1716796
    6.07143068
    15.0672187
             0
   0.397015403
    0.19366605
             0
   0.387332101
    9.46058655
   0.580998151
   0.397015403
    0.19366605
             0
    2.42082563
    5.81966481
    0.19366605
             0
             0
    9.20882069
   0.774664201
    1.38471226
   0.387332101
             0
             0
    0.19366605
    0.19366605
    0.19366605
    0.19366605
    0.19366605
    0.19366605
             0
    2.83720764
    0.19366605
             0
             0
    0.19366605
             0
   0.387332101
             0
    3.17612322
             0
   0.803714109
    2.45955884
    3.87332101
   0.203349353
    1.86887738
   0.203349353
             0
    0.19366605
   0.203349353
             0
    0.19366605
             0
   0.203349353
             0
    0.19366605
             0
    0.19366605
             0
    0.19366605
    0.19366605
   0.406698706
    1.59774491
   0.387332101
             0
   0.387332101
             0
   0.397015403
             0
             0
             0
             0
   0.580998151
             0
    0.19366605
    2.16905976
   0.387332101
    0.19366605
             0
             0
    0.19366605
    0.19366605
             0
             0
    0.19366605
    0.19366605
   0.600364756
             0
    0.19366605
             0
             0
             0
    3.57313863
             0
             0
             0
             0
    0.19366605
    0.19366605
             0
             0
             0
             0
             0
             0
             0
    0.19366605
             0
             0
             0
    0.19366605
             0
             0
             0
             0
             0
             0
             0
             0
             0
             0
    0.19366605
    0.19366605
     1.1716796
   0.803714109
    0.19366605
             0
             0
             0
    0.19366605
             0
             0
             0
             0
             0
             0
             0
    1.00706346
   0.203349353
             0
    0.19366605
             0
             0
             0
             0
             0
             0
             0
   0.163963775
             0
             0
             0
   0.743425335
     5.7067424
             0
    2.33820218
    3.51534797
    12.4923939
    6.66851199
   0.113540722
   0.506339002
     1.7512679
   0.710937412
     1.5007511
   0.102138411
    4.35857439
   0.510086174
             0
   0.277322078
    1.51418157
    1.30661509
    2.28041153
  0.0684014307
             0
  0.0599671856
             0
    11.5401468
    4.61013001
     9.1806488
    9.39045369
    4.61658555
   0.259099416
   0.646431516
  0.0460667605
    10.4749836
     4.0452707
    3.59983878
   0.582683107
     4.6060953
    8.63515609
             0
             0
             0
             0
             0
             0
             0
   0.376912931
    3.52398626
    2.64119183
    1.05313022
    6.54356275
             0
   0.249416113
             0
             0
             0
   0.469711245
    4.17357446
             0
             0
             0
             0
             0
    5.81731506
  0.0460667605
             0
    1.33717376
    10.2458121
  0.0460667605
             0
             0
             0
             0
             0
             0
             0
    0.44550299
    4.00411667
             0
             0
             0
   0.055750063
             0
             0
             0
             0
   0.897390439
    7.16732881
             0
             0
             0
             0
             0
             0
             0
             0
    1.54294394
    11.6862033
             0
             0
             0
             0
             0
             0
             0
             0
    1.74871412
    13.1265946
             0
             0
             0
             0
             0
             0
             0
             0
    2.65733067
    20.1841082
    6.19496386
             0
             0
             0
             0
             0
             0
             0
    1.81730418
     13.606725
             0
             0
             0
             0
             0
             0
             0
             0
    1.66398522
    18.1401244
             0
             0
             0
             0
             0
             0
             0
             0
    1.66398522
    12.5334923
             0
             0
             0
             0
             0
             0
             0
             0
    0.77634916
    6.52338921
             0
             0
             0
     29.919055
  0.0460667605
             0
             0
             0
   0.929668114
    7.39327254
             0
             0
             0
             0
             0
             0
             0
             0
    4.54396078
    2.73318321
    17.3888616
   0.249416113
             0
   0.249416113
             0
             0
             0
             0
             0
             0
             0
             0
             0
             0
  0.0750929762
    1.51921337
    4.06803719
             0
   0.119866405
    2.73082475
             0
             0
    20.5762346
    30.1398041
   0.931430429
   0.162916198
             0
             0
   0.181366109
     2.1822764
    4.52210227
     14.437804
   0.203349353
             0
             0
    14.2344547
             0
    1.41376217
    1.18136291
    2.37240912
    6.46844608
             0
    0.19366605
    1.20072951
    7.89189155
    0.19366605
    1.99476032
   0.397015403
             0
    0.19366605
    0.19366605
   0.590681453
    2.54670856
    1.95602711
   0.397015403
             0
             0
   0.600364756
    0.19366605
    0.19366605
    4.69640172
    13.1499248
   0.590681453
    0.19366605
    0.19366605
    0.19366605
    3.30200616
    0.19366605
             0
             0
   0.600364756
   0.203349353
   0.387332101
   0.387332101
   0.387332101
             0
    0.19366605
             0
    0.19366605
    1.80109427
    20.8965668
    1.81077757
    2.44019223
             0
     1.1716796
   0.590681453
    1.42344547
    1.59774491
             0
             0
    0.19366605
    3.61187184
    0.19366605
    0.19366605
    0.19366605
    1.61711152
    0.19366605
    2.59512507
             0
    0.19366605
    0.19366605
    0.19366605
    0.19366605
    0.19366605
    0.19366605
             0
    1.37502896
    0.19366605
     1.1716796
    5.91649784
    0.19366605
    0.19366605
    0.19366605
    2.44019223
    2.00444362
    7.74664201
    15.9580825
    2.80815773
   0.406698706
    11.3294639
    2.39177572
             0
    2.91467406
    0.19366605
    5.64536536
             0
    0.19366605
    0.19366605
    0.19366605
    6.11016389
   0.203349353
             0
    0.19366605
    0.19366605
   0.203349353
    0.19366605
             0
    0.19366605
     5.3839162
             0
             0
             0
    0.19366605
             0
    0.19366605
    4.13477017
             0
     1.1619963
             0
    9.16040418
    4.97721749
   0.406698706
             0
    0.19366605
             0
     5.4032828
             0
             0
    0.19366605
             0
             0
    1.39439556
    5.07405052
    7.47550954
    9.76076893
    7.93062476
    6.66211213
    2.26589279
    1.42344547
             0
             0
    0.19366605
    3.35042267
    15.7837831
   0.338915589
     8.8311719
   0.203349353
             0
    7.61107578
   0.406698706
    1.60742822
     7.3108934
    18.1561922
   0.600364756
    2.12387102
    24.4051501
             0
    10.5965072
    4.92506616
    2.38133185
    1.56122538
    9.36894145
             0
             0
    2.36876704
    4.28903519
   0.746306825
   0.332899061
    8.46016411
             0
             0
             0
  0.0863211122
             0
   0.153597183
   0.437387204
             0
             0
             0
             0
             0
             0
             0
    7.04709448
    1.21936025
     6.7775759
    3.10599035
    4.01622079
  0.0460667605
             0
             0
             0
             0
             0
    1.49049272
    9.96338241
    5.35251654
  0.0460667605
             0
             0
  0.0460667605
             0
    6.42736312
      4.054954
    6.08279893
    6.86230478
   0.055750063
             0
             0
             0
             0
             0
             0
             0
   0.893355729
    7.13908584
    1.88589424
             0
             0
             0
             0
             0
             0
             0
    2.00612858
    9.37996344
             0
             0
             0
             0
             0
             0
             0
             0
   0.929668114
    10.5500292
    6.34021339
  0.0460667605
             0
             0
             0
             0
             0
             0
    1.70029761
     12.981345
             0
             0
             0
             0
             0
             0
             0
             0
    1.65188109
    12.4487634
             0
             0
             0
    2.62182523
  0.0460667605
             0
    14.2224216
             0
    1.87782482
    14.0303695
             0
             0
             0
             0
             0
             0
             0
             0
    1.32103493
    10.1328402
   0.656114819
  0.0460667605
             0
             0
             0
             0
             0
             0
    1.42190266
    10.8389144
             0
             0
             0
             0
             0
             0
             0
             0
    1.16368126
    8.59427104
             0
             0
             0
             0
             0
             0
             0
             0
    1.59942987
    12.0816048
             0
             0
             0
             0
             0
             0
             0
             0
    1.55908278
    42.0401289
  0.0460667605
    5.61396571
             0
             0
             0
             0
             0
             0
   0.857043345
    6.88489915
             0
             0
             0
             0
             0
             0
             0
             0
   0.699689681
    5.78342351
             0
    38.7986434
     18.812307
    1.45014562
   0.646431516
