#
    3.20000005
   0.899999976
     4.9000001
             0
   0.200000003
   0.200000003
     2.4000001
   0.200000003
    2.07500005
    14.7250004
             0
    8.19999981
             0
   0.200000003
             0
    2.61249995
    18.2875004
    24.6000004
   0.200000003
             0
     3.6500001
    25.5499992
             0
     3.4625001
    24.2374992
             0
    10.6000004
    2.89166665
    20.2416668
             0
         3.625
        25.375
             0
    3.57916665
    25.0541668
   0.400000006
             0
    3.04583335
    21.3208332
             0
             5
     2.6916666
    18.8416672
             0
   0.400000006
    8.39999962
             0
    1.72500002
    12.0749998
   0.200000003
             0
     2.0250001
    15.1750002
             4
     2.5999999
   0.200000003
             0
     1.1583333
    8.10833359
             0
            12
    1.39999998
   0.379166663
     1.2541666
    1.39999998
     4.4000001
   0.200000003
             0
   0.200000003
             0
   0.200000003
   0.600000024
             0
     5.5999999
     7.4000001
             0
   0.200000003
             2
             0
     2.4000001
             9
             0
     5.4000001
     7.5999999
             0
   0.200000003
     3.5999999
             0
   0.200000003
   0.400000006
             0
   0.200000003
             0
   0.200000003
             0
   0.200000003
   0.200000003
             0
   0.200000003
             0
   0.200000003
             0
   0.200000003
             0
             8
     2.4000001
   0.600000024
   0.400000006
   0.200000003
    5.19999981
   0.800000012
    1.20000005
     2.4000001
            11
             0
   0.200000003
             0
   0.800000012
   0.200000003
    12.8000002
   0.200000003
    1.60000002
             0
   0.200000003
             0
   0.200000003
             0
   0.200000003
             0
   0.200000003
             0
             1
   0.200000003
    1.79999995
    2.20000005
    2.20000005
     3.4000001
             0
   0.200000003
             0
   0.200000003
             0
    2.79999995
             0
             1
    12.1999998
             1
   0.600000024
             6
    3.79999995
   0.400000006
    11.3999996
     2.4000001
   0.400000006
             9
    5.80000019
             0
   0.400000006
    6.19999981
   0.800000012
             2
    4.80000019
     2.4000001
   0.200000003
             0
   0.400000006
     6.5999999
             0
   0.200000003
             0
   0.200000003
             0
   0.200000003
             0
   0.200000003
             0
   0.200000003
             0
   0.200000003
             0
             1
             6
             0
    2.79999995
    1.60000002
             0
   0.200000003
             0
   0.200000003
             0
   0.349999994
    2.45000005
             0
   0.533333361
    3.73333335
             0
   0.200000003
   0.641666651
    4.49166679
    3.20000005
     4.4000001
   0.200000003
             0
   0.200000003
    4.80000019
    4.19999981
    4.19999981
   0.683333337
    1.38333333
             0
             1
    1.20000005
   0.991666675
    7.14166689
             0
     3.4000001
             0
    1.49166667
    10.4416666
   0.200000003
             0
     6.4000001
             0
   0.200000003
             0
    1.00416672
     7.0291667
             0
    1.39999998
    6.80000019
   0.200000003
             0
    1.07500005
     7.5250001
             0
   0.400000006
    3.20416665
    9.42916679
     5.4000001
    2.79999995
   0.200000003
             0
    1.60000002
             0
        1.3125
     7.7874999
   0.600000024
             0
     1.9083333
    13.3583336
             0
    1.85833335
    13.0083332
             0
     2.0916667
    14.6416664
             0
    5.19999981
   0.800000012
             0
    1.51666665
    10.6166668
             0
           3.5
             0
    1.62083328
    11.3458328
             0
   0.109999999
             0
    8.35416698
    24.8491669
             0
    1.80416667
    12.6291666
             0
    1.76250005
    12.3374996
             0
     2.4000001
             0
    1.03750002
    7.26249981
             0
   0.200000003
             0
 0.00999999978
         0.875
         6.125
             0
   0.200000003
    4.19999981
   0.170000002
    5.23999977
 0.00999999978
 0.00999999978
    1.08333337
    2.00333333
    2.56999993
    17.9599991
    41.2999992
    13.3900003
   0.219999999
  0.0500000007
 0.00999999978
  0.0199999996
  0.0199999996
   0.600000024
            11
   0.200000003
             0
    3.79999995
    2.79999995
    17.5200005
    8.35999966
     4.9000001
   0.200000003
   0.119999997
   0.680000007
   0.430000007
             0
  0.0199999996
   0.109999999
   0.310000002
   0.300000012
    3.30999994
   0.109999999
   0.300000012
  0.0299999993
             0
   0.370000005
             0
  0.0500000007
             0
  0.0500000007
  0.0500000007
   0.300000012
    3.29999995
    3.53999996
    9.06000042
    6.46999979
    25.3400002
             0
   0.300000012
    1.50999999
          1.62
   0.200000003
     2.0999999
     2.5999999
    1.80999994
             0
    0.49000001
             0
   0.189999998
             0
    4.23000002
             0
    1.60000002
    1.60000002
   0.200000003
     3.5999999
   0.800000012
             0
   0.800000012
   0.600000024
    1.39999998
   0.200000003
             0
   0.400000006
   0.200000003
   0.800000012
   0.800000012
             0
   0.200000003
             0
   0.200000003
             0
   0.200000003
   0.200000003
             0
   0.800000012
     2.4000001
   0.400000006
   0.200000003
   0.400000006
   0.200000003
             0
   0.200000003
             0
   0.200000003
             0
   0.200000003
             0
   0.200000003
             0
   0.200000003
   0.200000003
             1
    5.23000002
    7.71000004
    1.84000003
   0.330000013
   0.389999986
   0.200000003
   0.200000003
  0.0900000036
             0
             1
     2.9000001
   0.930000007
    2.26999998
           8.5
   0.200000003
    1.20000005
    1.88999999
    3.75999999
    1.25999999
   0.200000003
   0.200000003
             0
  0.0700000003
    16.9500008
   0.200000003
             0
     5.1500001
   0.600000024
  0.0199999996
             0
   0.200000003
   0.219999999
    2.97000003
   0.469999999
             0
  0.0299999993
   0.219999999
  0.0799999982
    7.59000015
         10.21
             0
   0.140000001
 0.00999999978
    9.31999969
    19.6000004
    4.46000004
  0.0491666645
   0.204166666
    8.72000027
    0.50999999
    3.02999997
             0
   0.600000024
    2.07999992
             0
   0.405000001
    2.63499999
             0
  0.0799999982
             2
    1.00999999
    4.82000017
    8.68999958
    12.8083334
    1.19833326
   0.569999993
             0
  0.0299999993
    3.98000002
    10.8900003
             0
   0.633333325
     4.4333334
             0
   0.189999998
             0
     3.4000001
    2.55416656
    12.9691668
    2.66000009
    9.53999996
    1.03999996
             0
    6.71000004
   0.620000005
    2.19000006
             0
   0.541666687
    3.80166674
             0
  0.0199999996
             0
   0.649999976
             0
   0.689999998
   0.637499988
    4.47249985
             0
     1.5333333
    10.7333336
    11.3999996
     3.3499999
    17.2199993
    8.47999954
    4.53000021
    4.26999998
             0
   0.652499974
     4.2874999
             0
  0.0199999996
             0
   0.300000012
    6.69999981
   0.949999988
     14.189167
    7.55416679
   0.519999981
             0
   0.170000002
 0.00999999978
             0
    1.74583328
    12.2208328
             0
    1.95833337
     13.708333
             0
     2.0666666
    14.4666672
             0
 0.00999999978
     2.0291667
    14.2041664
             0
 0.00999999978
             0
    1.87083328
    13.0958328
             0
    1.87083328
    13.0958328
             0
    9.19999981
             0
   0.954166651
     6.8791666
   0.200000003
   0.200000003
             0
    1.11249995
    8.78750038
            38
             0
             1
   0.200000003
             0
   0.425000012
     2.9749999
             0
  0.0199999996
  0.0599999987
 0.00999999978
  0.0199999996
  0.0500000007
    16.9500008
          1.25
             0
   0.600000024
             1
             1
   0.200000003
   0.200000003
             0
   0.162499994
     5.5374999
             0
   0.200000003
             0
             2
   0.400000006
   0.200000003
             0
     2.5999999
   0.800000012
   0.200000003
             0
   0.200000003
    1.61000001
    2.25999999
             0
    5.67000008
   0.310000002
   0.310000002
    5.65999985
             0
          3.75
    10.7399998
          7.75
   0.310000002
   0.600000024
             0
   0.310000002
             0
    3.69000006
   0.930000007
    4.38000011
    1.22000003
   0.300000012
    23.9699993
          9.25
         14.79
    7.57000017
    2.77999997
             0
    1.50999999
   0.600000024
             0
    20.6499996
    20.0799999
    13.6899996
    7.38999987
   0.300000012
             0
    4.59000015
    1.51999998
             0
   0.300000012
   0.310000002
    1.54999995
    2.51999998
    22.6599998
   0.629999995
    3.77999997
    1.52999997
    5.63999987
             0
   0.620000005
             0
   0.300000012
             0
   0.610000014
    11.1999998
   0.910000026
    1.82000005
             0
   0.300000012
             0
    3.54999995
    4.80999994
    2.16000009
    18.4699993
   0.620000005
             0
    4.98000002
    5.55999994
             0
             0
     2.1400001
             0
    1.21000004
             4
    2.75999999
    11.8199997
    3.36999989
   0.930000007
             0
   0.349999994
    2.45000005
             0
    1.25999999
    1.84000003
    5.82000017
    7.84000015
    2.49000001
    4.86333323
    3.73333335
             0
    6.42000008
             0
   0.641666651
    4.49166679
             0
  0.0833333358
   0.583333313
   0.300000012
     2.1500001
    7.38000011
    5.84000015
             0
    2.17000008
             0
    1.24000001
    1.30166662
     6.9416666
   0.200000003
             0
    1.49166667
    10.4416666
             0
    3.03999996
             0
     1.4041667
    11.1191664
   0.200000003
             0
   0.620000005
             0
   0.209999993
    1.23000002
             0
    1.07500005
     7.5250001
    1.00999999
    1.02999997
             0
   0.409999996
    3.24416661
    12.2591667
             0
   0.810000002
             0
    1.11249995
     7.7874999
             0
     1.9083333
    13.3583336
             0
    1.85833335
    13.0083332
             0
     2.0916667
    14.6416664
             0
    1.51666665
    10.6166668
             0
   0.200000003
     5.1500001
             0
    1.62083328
    11.3458328
             0
    1.35416663
    9.47916698
             0
    8.28999996
    2.24000001
             0
    1.80416667
    12.8391666
             0
    2.63000011
   0.200000003
             0
     2.1724999
    12.3374996
             0
    1.03750002
    7.26249981
             0
    1.21000004
             0
    2.05999994
             0
         0.875
         6.125
             0
   0.283333331
    1.98333335
             0
             0
    3.46000004
    8.97999954
    1.46000004
    4.76999998
          1.87
   0.200000003
   0.200000003
             0
    2.04999995
    1.21000004
    6.26999998
    15.5600004
             0
   0.409999996
   0.200000003
             0
   0.400000006
    9.77000046
   0.600000024
   0.409999996
   0.200000003
             0
           2.5
    6.01000023
   0.200000003
             0
    9.51000023
   0.800000012
    1.42999995
   0.400000006
             0
   0.200000003
   0.200000003
   0.200000003
   0.200000003
   0.200000003
   0.200000003
             0
    2.93000007
   0.200000003
             0
   0.200000003
             0
   0.400000006
             0
    3.27999997
             0
   0.829999983
    2.53999996
             4
   0.209999993
    1.92999995
   0.209999993
             0
   0.200000003
   0.209999993
             0
   0.200000003
             0
   0.209999993
             0
   0.200000003
             0
   0.200000003
             0
   0.200000003
   0.200000003
   0.419999987
    1.64999998
   0.400000006
             0
   0.400000006
             0
   0.409999996
             0
   0.600000024
             0
   0.200000003
    2.24000001
   0.400000006
   0.200000003
             0
   0.200000003
   0.200000003
             0
   0.200000003
   0.200000003
   0.620000005
             0
   0.200000003
             0
    3.69000006
             0
   0.200000003
   0.200000003
             0
   0.200000003
             0
   0.200000003
             0
   0.200000003
   0.200000003
    1.21000004
   0.829999983
   0.200000003
             0
   0.200000003
             0
    1.03999996
   0.209999993
             0
   0.200000003
             0
  0.0291666668
   0.204166666
             0
   0.819999993
    5.94999981
             0
    2.48000002
    3.70000005
    12.9750004
    6.96500015
   0.200000003
   0.610000014
    1.89999998
   0.829999983
    1.64999998
   0.209999993
    4.61000013
   0.639999986
  0.0583333336
   0.408333331
    1.69000006
    1.48000002
    2.49000001
   0.209999993
             0
   0.209999993
             0
    12.0699997
    4.91333342
    9.63333321
    9.85000038
    4.92000008
   0.419999987
   0.819999993
   0.200000003
    10.9700003
    4.32999992
    3.86999989
   0.754166663
    4.90916681
    9.06999969
             0
   0.541666687
    3.79166675
    2.88000011
    1.24000001
    6.90999985
             0
   0.409999996
             0
   0.637499988
     4.4625001
             0
    6.15999985
   0.200000003
             0
     1.5333333
    10.7333336
   0.200000003
             0
   0.612500012
     4.2874999
             0
   0.209999993
             0
    1.07916665
    7.55416679
             0
    1.74583328
    12.2208328
             0
    1.95833337
     13.708333
             0
    2.89666677
     20.996666
    6.55000019
             0
     2.0291667
    14.2041664
             0
    1.87083328
    18.8858337
             0
    1.87083328
    13.0958328
             0
   0.954166651
    6.88916683
             0
    31.0499992
   0.200000003
             0
    1.11249995
     7.7874999
             0
    4.84499979
     2.9749999
    18.1100006
   0.409999996
             0
   0.409999996
             0
    0.17916666
    1.66416669
    4.28999996
             0
   0.200000003
     2.8900001
             0
    21.2999992
    31.1700001
             1
   0.200000003
             0
   0.200000003
    2.25999999
    4.67000008
    14.9099998
   0.209999993
             0
    14.6999998
             0
    1.46000004
    1.22000003
    2.45000005
    6.67999983
             0
   0.200000003
    1.24000001
    8.14999962
   0.200000003
    2.05999994
   0.409999996
             0
   0.200000003
   0.200000003
   0.610000014
    2.63000011
    2.01999998
   0.409999996
             0
   0.620000005
   0.200000003
   0.200000003
     4.8499999
    13.5799999
   0.610000014
   0.200000003
   0.200000003
   0.200000003
    3.41000009
   0.200000003
             0
   0.620000005
   0.209999993
   0.400000006
   0.400000006
   0.400000006
             0
   0.200000003
             0
   0.200000003
    1.86000001
    21.5799999
          1.87
    2.51999998
             0
    1.21000004
   0.610000014
    1.47000003
    1.64999998
             0
   0.200000003
    3.73000002
   0.200000003
   0.200000003
   0.200000003
    1.66999996
   0.200000003
    2.68000007
             0
   0.200000003
   0.200000003
   0.200000003
   0.200000003
   0.200000003
   0.200000003
             0
    1.41999996
   0.200000003
    1.21000004
    6.11000013
   0.200000003
   0.200000003
   0.200000003
    2.51999998
    2.06999993
             8
    16.4799995
     2.9000001
   0.419999987
    11.6999998
    2.47000003
             0
    3.00999999
   0.200000003
    5.82999992
             0
   0.200000003
   0.200000003
   0.200000003
    6.30999994
   0.209999993
             0
   0.200000003
   0.200000003
   0.209999993
   0.200000003
             0
   0.200000003
    5.55999994
             0
   0.200000003
             0
   0.200000003
    4.26999998
             0
    1.20000005
             0
    9.46000004
    5.13999987
   0.419999987
             0
   0.200000003
             0
    5.57999992
             0
   0.200000003
             0
    1.44000006
    5.23999977
    7.71999979
    10.0799999
    8.18999958
    6.88000011
    2.33999991
    1.47000003
             0
   0.200000003
    3.46000004
    16.2999992
   0.349999994
    9.11999989
   0.209999993
             0
    7.86000013
   0.419999987
    1.65999997
    7.55000019
         18.75
   0.620000005
    2.19333339
    25.2033329
             0
    10.9499998
     5.0999999
    2.48000002
    1.63999999
    9.71000004
             0
    2.50166678
    4.49166679
   0.839999974
   0.419999987
    8.81999969
             0
   0.200000003
             0
   0.283333331
   0.583333313
             0
    7.42999983
    1.41166663
    7.15166664
     3.3599999
    4.30000019
   0.200000003
             0
    1.69166672
    10.4416666
    5.67999983
   0.200000003
             0
   0.200000003
             0
    6.78999996
    4.34000015
    6.43416691
    7.23916674
   0.209999993
             0
    1.07500005
     7.5250001
     2.0999999
             0
    2.22416663
    9.83916664
             0
    1.11249995
    11.0474997
    6.69999981
   0.200000003
             0
     1.9083333
    13.5583334
             0
    1.85833335
    13.0083332
             0
     2.8599999
   0.200000003
             0
    14.8400002
             0
     2.0916667
    14.6416664
             0
    1.51666665
    10.6166668
   0.829999983
   0.200000003
             0
    1.62083328
    11.3458328
             0
    1.35416663
    9.02777767
             0
    1.80416667
    12.6291666
             0
    1.76250005
    43.5675011
   0.200000003
    5.94999981
             0
    1.03750002
    7.26249981
             0
         0.875
         6.125
             0
    40.2200012
    19.5799999
    1.64999998
   0.819999993
