#
   0.944435679
    2.24183518
     2.4814698
    2.61433959
     2.4147312
    2.62280555
    2.76684732
     2.6366083
     1.9218319
    1.76669883
    1.90678334
    2.70613851
    3.44916633
      3.333625
    2.74803079
     1.8653473
    2.31335792
    3.25145567
    3.60581099
    3.53066709
    3.48259916
    3.53827166
    3.00348068
    2.47713974
    2.87671803
    3.16141431
    3.40761505
    3.93056953
    3.68300935
    3.41048999
    3.51547364
    2.98572201
    3.16971707
    3.23520359
    3.32938192
     3.1729489
    3.54775757
     3.7939741
    3.74883325
    3.60390302
     2.9746095
    2.98585071
    3.31431029
    3.56931388
    3.70426102
    3.66368969
    3.54849901
    3.80228058
    3.89045472
    3.07451534
     3.0823368
    3.88708766
    3.79614696
    3.20604534
    2.73066613
    3.20919874
    3.53326801
    3.47488132
    3.92125299
    3.56245114
    3.18610142
    3.67366076
    3.75603694
     3.8228953
    3.77402447
    3.84043886
    3.95356152
    3.24040507
    3.54089889
    3.59192059
    3.57934795
     2.8322389
    3.16496211
     3.7942588
    2.93905475
     3.6398851
    2.85967349
     2.7863487
    2.96435752
    3.28623131
    3.38889184
    3.17617718
    2.97809519
    2.79421828
    3.31544677
    3.40616498
     3.2035189
      3.324303
     2.8588223
    2.86111963
    2.56608832
    2.40009965
    2.62531247
    2.87089522
    2.41120322
    1.95722219
    1.45147506
    1.60961332
    2.40559769
    2.47884234
    2.75231596
    2.31592989
    1.90865686
    2.46386223
    2.57450931
    2.70477141
    2.71763016
    2.76446341
    2.47474923
    2.38066364
    2.33112397
    2.24213562
    1.56017646
    1.12652511
    1.70091843
    2.10279468
     2.1352407
    2.19447158
    2.15632933
    1.93335096
    2.41828521
    2.15691975
    2.06707412
    1.95396482
    2.07008859
    2.21585832
    2.09842215
    2.44628969
    1.20883695
   0.826284911
    1.38335229
     2.3329043
    1.93930545
   0.857883513
   0.964568651
    1.07736176
    1.48081102
    1.28577055
    1.29884642
    1.01521862
   0.944346215
    1.22879173
   0.832993028
   0.699288991
    1.36519435
    1.62829114
    1.45526843
    1.61981428
    1.29972978
    1.17069294
     1.0583662
    1.01233962
   0.445529523
   0.398303187
   0.826305039
   0.669694285
   0.459866372
   0.483425377
   0.623427967
   0.627027549
   0.577846721
   0.742569703
    1.04760809
   0.717686223
   0.518778799
   0.991150761
   0.918400231
   0.883603412
   0.601498223
   0.577075047
   0.487156175
      0.463903
   0.612280278
   0.724640173
   0.914796863
   0.908131951
   0.785071021
   0.737130123
   0.799525945
   0.740512045
   0.508628823
   0.271326037
   0.501134762
   0.487161369
   0.621786924
    0.55625388
   0.263066157
   0.539956632
    0.39391858
   0.294709483
   0.277814614
   0.472253638
   0.658934996
   0.526512443
    0.36729016
   0.295753442
   0.509551019
   0.401969253
   0.284247738
   0.598296625
   0.533497341
   0.644443329
    0.52336317
   0.625619821
    0.59229514
    0.77690428
   0.656664444
   0.647887995
   0.559547289
   0.771622954
   0.544394178
   0.390741093
   0.362044925
   0.407811418
   0.357411253
   0.447629525
    0.33338896
   0.400923293
   0.380420381
   0.519995484
    0.60391039
   0.636996891
   0.474655617
   0.362913269
   0.487159554
   0.662069334
   0.489696712
   0.259476931
   0.452674977
   0.377318793
   0.669787068
   0.650193402
   0.573250795
   0.617256831
   0.608723805
   0.454639252
   0.446831601
     1.2073324
   0.755201917
   0.718517087
   0.703845538
   0.403150366
    0.38736068
   0.845178603
   0.708946065
   0.938286938
   0.459603094
   0.469032917
   0.498648766
   0.554694019
   0.757540825
    1.11905452
   0.743174873
    0.64686418
   0.896342083
    1.11411644
    1.10313476
    1.12975444
    1.17824547
    1.20102004
    1.20249034
    1.33629132
    1.32880481
    1.18222374
    1.17478764
    1.10753293
     1.2479313
    1.43048437
    1.39922374
    1.35456506
    1.53632111
    1.72138413
    1.23969937
   0.816041852
   0.754372239
   0.955615965
    1.16538299
    1.30642006
    1.41349129
    1.96112022
    1.65365267
     1.7245342
    2.05593318
    1.85416311
     1.8103938
    1.93162102
    1.91054314
    1.53036063
    2.03305487
    2.17555793
    2.23047477
    2.19953775
    2.02025717
    2.35257203
    2.68645327
    2.39917659
     2.4607381
    2.68603828
    2.42077632
    2.33487711
    1.90392644
    1.78278791
    1.98682028
    2.05579788
    1.71910857
    2.08171093
    2.25716737
    2.22704236
    2.43827679
    1.75989012
     1.7330343
    2.50612002
    2.24467121
    1.58203697
    2.35731064
    2.50893567
    1.82829312
    1.57132619
    1.07941706
    1.13044093
    1.06164044
    1.23988887
    1.70597023
    1.97268249
    2.30460076
    2.92190141
    3.22451558
    2.65056444
    2.43308832
      2.164996
    1.74856615
     1.9703587
    2.76858786
    1.90903005
    2.37363618
     3.2688915
    3.25038311
    3.22997041
    3.49896979
    3.52476148
    3.65132283
    3.78781086
    2.85142417
    2.58730815
    1.86092418
    1.29662372
    1.60256364
     2.4246648
       3.32726
    2.71747285
    2.87999086
    3.15444721
    3.13849571
    3.45916511
     3.3033573
    3.73299803
    2.81073441
    1.82258781
    1.25569897
    2.47543497
     3.8278434
    4.21952937
    4.17716685
    4.05330885
    3.85986508
    3.92990138
     3.8046749
    3.64789778
    2.28849044
    1.68760457
    1.53582492
    1.86213187
    1.78026911
    2.74809468
     2.3504099
    3.52230037
    3.80166131
    4.05222446
    2.69566216
    1.63302441
    2.57900728
    1.91290025
    3.29721583
    3.44971608
    3.99479888
    4.55548039
    4.57113884
     3.4850846
    3.34167306
    3.36290854
    3.11043049
    3.49906351
    3.09960309
    2.65379008
     3.2800607
    3.58688503
    3.61734104
    3.72836477
    3.90955759
    3.50312763
    3.48890455
    3.76792148
    3.75668686
    3.98302845
    4.12946899
    4.03042639
    4.24651472
    3.76665973
    3.43557493
    4.02662226
    3.66353727
     4.1530784
    4.30388862
     3.8895579
    3.97651605
    3.63720213
    3.43578549
    2.95950459
    3.10413315
    3.80787364
    4.03948956
    3.97733902
    4.05278418
    3.82261086
    4.36425932
     3.6706732
    2.95766745
    3.16626853
    3.41209929
    3.32395672
    3.57788727
    3.26625625
    3.35383454
     3.1655407
    3.28143893
    3.71046628
    3.79716735
    3.87952988
    3.57167042
    3.61133973
    3.04751845
    3.02079319
    3.74342343
    3.74878236
     3.7714982
    3.45525448
    3.71411418
    3.72101901
    3.79342509
    3.31056317
    3.14955946
     3.2506062
    3.51337573
    3.31521506
    3.44937639
    3.97035175
    3.78959786
    3.14382978
    2.87880182
    3.22209492
    3.53509329
    3.15522578
    3.70134662
    3.35489384
    2.71366155
    2.91758326
    2.25903033
    2.49971725
    1.34016563
    1.63955881
    1.60220622
    1.36950927
    1.72864743
    1.41286585
    1.57399386
    1.85412527
    2.08507744
    1.98856239
    2.07316147
    2.78340466
      2.832239
    2.66240334
    2.22617002
    2.34589724
    2.23422348
    2.10000414
   0.855556843
    1.63279009
     1.7578111
    2.07430452
    1.81100237
    1.63797292
    1.45420985
   0.932475976
    1.03634419
   0.684066962
    1.33208428
    1.32364482
    1.75912407
    1.79140996
    1.82787605
    2.13699771
    2.28728036
    1.75571148
    1.43801368
    1.64711491
   0.550179645
   0.496566793
    1.14252277
   0.593874526
   0.615123852
   0.455263475
   0.550612595
    1.01740583
    1.07697987
    1.19348899
   0.976807005
    0.87382027
   0.646666123
    1.40211893
    1.11696918
      1.279806
    1.32437899
   0.474534467
   0.841361863
    1.93516303
    0.94610609
   0.691400788
   0.674698054
   0.980136618
     1.2214728
   0.994824234
   0.874042594
    0.99746495
   0.693991049
   0.560106693
   0.686812645
   0.681215922
   0.562693024
    0.67426101
   0.603176427
    0.54603283
   0.413836728
   0.427034717
   0.411018003
   0.481759957
   0.625943169
    0.76923225
    0.20285227
   0.616677208
   0.716378233
   0.574971653
   0.442418515
   0.419313446
    0.46020741
   0.487381219
    0.52820203
   0.464433545
   0.270104279
   0.256283332
   0.898415035
   0.667008973
   0.560386541
   0.245783344
   0.224415061
   0.395130567
   0.523222776
   0.622104444
     0.3531054
   0.313856189
   0.272546322
   0.447475714
   0.325883333
   0.318810829
   0.421868382
   0.401249419
   0.314617861
   0.507636928
   0.409680957
   0.493166071
   0.428147674
   0.291804653
   0.200187484
   0.390925994
   0.575758567
   0.634637251
    1.19412269
   0.696419031
   0.281543847
   0.266671066
   0.278113785
    0.29708709
    0.90370647
   0.449071764
   0.306850058
   0.262751221
   0.281367023
   0.608225664
   0.829120816
   0.618372863
   0.323479198
   0.439971285
   0.487875765
    0.88422283
    1.00150776
   0.968372512
   0.786901935
   0.687638839
   0.831588623
   0.603928745
   0.849112607
   0.759629312
   0.490995527
   0.402092946
   0.538754019
   0.511244067
   0.441921252
    0.75299891
   0.687939586
    0.46520856
   0.987100582
   0.873599596
   0.693711375
   0.687545049
   0.407622577
   0.445588555
   0.228134022
   0.502555601
   0.971270019
   0.911167699
   0.698607759
   0.657739505
   0.532930137
   0.933177236
   0.917585958
    1.01777554
    1.15116972
    1.10145457
    1.16890621
    1.16791205
    1.01730738
   0.664628934
   0.889116108
   0.386376267
   0.517062044
   0.296040015
    1.37243454
    1.51909722
    1.22563173
    1.17859134
   0.984693313
     1.1086759
    1.18235056
    1.19177528
    1.16251493
    1.50606863
    1.38803109
    1.05634196
   0.951395551
    1.18619299
    1.27501486
    1.20323715
   0.894106284
    1.33720814
    1.19707612
    1.36806229
    1.46467301
    1.00851501
    1.61492474
     1.0941135
    1.56804245
    1.32656886
    1.30400139
    1.54549857
    1.82202256
    1.72058312
    1.93241741
    2.23079433
    1.85701574
     2.3022166
    2.05486032
    2.39679423
    2.09929033
    1.11983917
    1.31115393
    1.57920777
    1.05127922
    1.29645005
    1.34309829
    1.55112598
   0.969528132
    1.55573964
    1.12259668
    1.74163565
    1.76747251
    2.10479175
    2.10783313
    2.51246693
    2.60016092
    2.12327622
    2.23105792
    2.35136679
    2.91734893
    3.05421407
    2.45986283
    2.05844004
    1.41162675
   0.986823637
    1.70212479
    1.75422751
    1.38185532
    1.43628665
    1.06840211
    0.77829417
     1.9157347
    1.96530559
    2.18528353
    2.34772975
    3.10266393
     3.2440654
    2.98753468
    2.72481135
    2.56210412
    2.72268711
    1.57765906
    2.21480678
     1.9287802
     2.2928932
    2.39765011
    2.56760339
      2.754329
    2.33277836
    2.24239425
    2.48204768
    2.61490983
    2.41518758
    2.62330075
    2.76734247
    2.63704927
    1.92213356
    1.76682108
    1.90696335
    2.70639251
    3.44948812
    3.33389418
    2.76211186
    1.86551246
    2.31355735
    3.25165307
    3.60598472
    3.53076135
     3.4826189
    3.53822115
    3.00338258
    2.47697796
    2.87671119
    3.16118514
    3.40737821
      3.930215
    3.68262801
    3.41002451
    3.51498706
     2.9852046
    3.16938705
    3.23455422
    3.32871184
    3.17226218
    3.54695917
    3.79304529
    3.74776252
    3.58153467
     2.9639743
    2.98533334
     3.3136745
    3.56846709
    3.70339307
    3.66278238
     3.5476392
     3.8012936
    3.88939933
    3.07372003
    3.08180366
    3.88591234
    3.79491299
    3.20505931
    2.72985545
    3.20815862
    3.53201899
    3.47367905
    3.91987157
    3.56085515
    3.18476484
    3.67222884
    3.75427124
    3.82111583
    3.77224567
    3.83855851
    3.95312412
    3.23887655
    3.53891226
    3.58971257
      3.577079
    2.83078231
    3.16318723
    3.79205403
    2.93674347
    3.63774592
    2.85740392
     2.7845011
    2.96202659
    3.28350154
    3.38588936
    3.17337349
    2.97657839
    2.79127451
      3.312329
    3.40282371
    3.20009847
    3.32086077
     2.8568229
     2.8590899
    2.56325526
    2.37901125
    2.62320159
    2.86839236
    2.40918788
    1.95570426
    1.45015471
    1.60881911
     2.4031638
    2.47624195
    2.74955139
    2.31376564
    1.89280122
    2.46163034
    2.57135423
    2.70157731
    2.71431287
    2.76108924
    2.47203599
    2.37803188
     2.3280609
    2.23912138
    1.55852935
    1.12517231
    1.69921283
    2.09973702
    2.13193009
     2.1910988
    2.15270494
    1.93027482
    2.41464789
    2.15300355
    2.06330882
    1.95044527
    2.06621761
    2.21191002
    2.07216232
    2.44313045
     1.2067524
   0.825425272
    1.38159098
    2.33017703
    1.93670648
   0.856802221
   0.963410902
    1.07565077
    1.47837342
    1.28343405
    1.29693818
    1.01340707
   0.943624826
    1.22656977
   0.831514253
   0.698613809
     1.3636168
    1.62513135
    1.45224467
    1.61619445
    1.29654474
    1.16859551
    1.05698147
    1.00960621
   0.444568432
   0.397766507
   0.824448597
   0.668159595
   0.446969337
   0.482992931
   0.622091449
   0.625846553
   0.577016686
   0.741660119
     1.0458614
   0.716122271
   0.518105989
   0.989634579
   0.916648995
   0.881830375
   0.600312201
   0.576117252
    0.48614908
   0.463283523
   0.611428908
   0.723271932
   0.913454798
    0.90675132
   0.784146405
   0.736478769
   0.798716652
   0.724899461
   0.507643299
   0.270959831
   0.500605833
   0.486666158
   0.621486759
   0.555237294
   0.262829545
   0.539720365
   0.393552776
   0.294445137
   0.277584761
   0.471982106
   0.658618131
   0.525904924
   0.366992327
   0.295542121
   0.509451267
   0.401802235
   0.284198469
    0.61518702
   0.533445205
   0.644455968
   0.523289655
   0.625834303
   0.592473489
   0.777119038
   0.656888271
   0.648223413
   0.559842951
   0.771946612
   0.544486013
   0.390968208
   0.362295425
   0.408268867
   0.357709212
   0.447629525
    0.33338896
   0.400923293
   0.380420381
   0.519995484
    0.60391039
   0.636996891
   0.474655617
   0.362913269
   0.487159554
   0.662069334
   0.489696712
   0.259476931
   0.452674977
   0.377318793
   0.669787068
   0.650193402
   0.573250795
   0.617256831
   0.608723805
   0.454639252
   0.446831601
     1.2073324
   0.755201917
   0.718517087
   0.703845538
   0.403150366
    0.38736068
   0.845178603
   0.708946065
   0.938286938
   0.459603094
   0.469032917
   0.498648766
   0.554694019
   0.757540825
    1.11905452
   0.743174873
    0.64686418
   0.896342083
    1.11411644
    1.10313476
    1.12975444
    1.17824547
    1.20102004
    1.20249034
    1.33629132
    1.32880481
    1.18222374
    1.17478764
    1.10753293
     1.2479313
    1.43048437
    1.39922374
    1.35456506
    1.53632111
    1.72138413
    1.23969937
   0.816041852
   0.754372239
   0.955615965
    1.16538299
    1.30642006
    1.41349129
    1.96112022
    1.65365267
     1.7245342
    2.05593318
    1.85416311
     1.8103938
    1.93162102
    1.91054314
    1.53036063
    2.03305487
    2.17555793
    2.23047477
    2.19953775
    2.02025717
    2.35257203
    2.68645327
    2.39917659
     2.4607381
    2.68603828
    2.42077632
    2.33487711
    1.90392644
    1.78278791
    1.98682028
    2.05579788
    1.71910857
    2.08171093
    2.25716737
    2.22704236
    2.43827679
    1.75989012
     1.7330343
    2.50612002
    2.24467121
    1.58203697
    2.35731064
    2.50893567
    1.82829312
    1.57132619
    1.07941706
    1.13044093
    1.06164044
    1.23988887
    1.70597023
    1.97268249
    2.30460076
    2.92190141
    3.22451558
    2.65056444
    2.43308832
      2.164996
    1.74856615
     1.9703587
    2.76858786
    1.90903005
    2.37363618
     3.2688915
    3.25038311
    3.22997041
    3.49896979
    3.52476148
    3.65132283
    3.78781086
    2.85142417
    2.58730815
    1.86092418
    1.29662372
    1.60256364
     2.4246648
       3.32726
    2.71747285
    2.87999086
    3.15444721
    3.13849571
    3.45916511
     3.3033573
    3.73299803
    2.81073441
    1.82258781
    1.25569897
    2.47543497
     3.8278434
    4.21952937
    4.17716685
    4.05330885
    3.85986508
    3.92990138
     3.8046749
    3.64789778
    2.28849044
    1.68760457
    1.53582492
    1.86213187
    1.78026911
    2.74809468
     2.3504099
    3.52230037
    3.80166131
    4.05222446
    2.69566216
    1.63302441
    2.57900728
    1.91290025
    3.29721583
    3.44971608
    3.99479888
    4.55548039
    4.57113884
     3.4850846
    3.34167306
    3.36290854
    3.11043049
    3.49906351
    3.09960309
    2.65379008
     3.2800607
    3.58688503
    3.61734104
    3.72836477
    3.90955759
    3.50312763
    3.48890455
    3.76792148
    3.75668686
    3.98302845
    4.12946899
    4.03042639
    4.24651472
    3.76665973
    3.43557493
    4.02662226
    3.66353727
     4.1530784
    4.30388862
     3.8895579
    3.97651605
    3.63720213
    3.43578549
    2.95950459
    3.10413315
    3.80787364
    4.03948956
    3.97733902
    4.05278418
    3.82261086
    4.36425932
     3.6706732
    2.95766745
    3.16626853
    3.41209929
    3.32395672
    3.57788727
    3.26625625
    3.35383454
     3.1655407
    3.28143893
    3.71046628
    3.79716735
    3.87952988
    3.57167042
    3.61133973
    3.04751845
    3.02079319
    3.74342343
    3.74878236
     3.7714982
    3.45525448
    3.71411418
    3.72101901
    3.79342509
    3.31056317
    3.14955946
     3.2506062
    3.51337573
    3.31521506
    3.44937639
    3.97035175
    3.78959786
    3.14382978
    2.87880182
    3.22209492
    3.53509329
    3.15522578
    3.70134662
    3.35489384
    2.71366155
    2.91758326
    2.25903033
    2.49971725
    1.34016563
    1.63955881
    1.60220622
    1.36950927
    1.72864743
    1.41286585
    1.57399386
    1.85412527
    2.08507744
    1.98856239
    2.07316147
    2.78340466
      2.832239
    2.66240334
    2.22617002
    2.34589724
    2.23422348
    2.10000414
   0.855556843
    1.63279009
     1.7578111
    2.07430452
    1.81100237
    1.63797292
    1.45420985
   0.932475976
    1.03634419
   0.684066962
    1.33208428
    1.32364482
    1.75912407
    1.79140996
    1.82787605
    2.13699771
    2.28728036
    1.75571148
    1.43801368
    1.64711491
   0.550179645
   0.496566793
    1.14252277
   0.593874526
   0.615123852
   0.455263475
   0.550612595
    1.01740583
    1.07697987
    1.19348899
   0.976807005
    0.87382027
   0.646666123
    1.40211893
    1.11696918
      1.279806
    1.32437899
   0.474534467
   0.841361863
    1.93516303
    0.94610609
   0.691400788
   0.674698054
   0.980136618
     1.2214728
   0.994824234
   0.874042594
    0.99746495
   0.693991049
   0.560106693
   0.686812645
   0.681215922
   0.562693024
    0.67426101
   0.603176427
    0.54603283
   0.413836728
   0.427034717
   0.411018003
   0.481759957
   0.625943169
    0.76923225
    0.20285227
   0.616677208
   0.716378233
   0.574971653
   0.442418515
   0.419313446
    0.46020741
   0.487381219
    0.52820203
   0.464433545
   0.270104279
   0.256283332
   0.898415035
   0.667008973
   0.560386541
   0.245783344
   0.224415061
   0.395130567
   0.523222776
   0.622104444
     0.3531054
   0.313856189
   0.272546322
   0.447475714
   0.325883333
   0.318810829
   0.421868382
   0.401249419
   0.314617861
   0.507636928
   0.409680957
   0.493166071
   0.428147674
   0.291804653
   0.200187484
   0.390925994
   0.575758567
   0.634637251
    1.19412269
   0.696419031
   0.281543847
   0.266671066
   0.278113785
    0.29708709
    0.90370647
   0.449071764
   0.306850058
   0.262751221
   0.281367023
   0.608225664
   0.829120816
   0.618372863
   0.323479198
   0.439971285
   0.487875765
    0.88422283
    1.00150776
   0.968372512
   0.786901935
   0.687638839
   0.831588623
   0.603928745
   0.849112607
   0.759629312
   0.490995527
   0.402092946
   0.538754019
   0.511244067
   0.441921252
    0.75299891
   0.687939586
    0.46520856
   0.987100582
   0.873599596
   0.693711375
   0.687545049
   0.407622577
   0.445588555
   0.228134022
   0.502555601
   0.971270019
   0.911167699
   0.698607759
   0.657739505
   0.532930137
   0.933177236
   0.917585958
    1.01777554
    1.15116972
    1.10145457
     1.1670335
    1.01391552
   0.663064752
   0.885527721
   0.385473371
   0.516007712
   0.295367902
    1.36857133
    1.51554653
    1.22235303
    1.17577094
   0.983285119
    1.10624583
    1.17940765
    1.18890957
     1.1597736
    1.50328192
    1.38653416
    1.05563843
   0.951469183
    1.18287148
    1.27248358
    1.20198277
   0.891578712
    1.33601568
     1.1954048
    1.36434235
     1.4630416
    1.00755017
    1.61389928
    1.09039899
    1.56636284
    1.32513639
    1.30315022
    1.54167626
    1.81740659
    1.74769804
    1.92844198
    2.22660882
    1.85290596
    2.27293598
    2.05134834
    2.39345957
    2.09635707
    1.11806631
    1.30941915
     1.5776164
    1.05032379
    1.29515097
    1.34054405
     1.5488601
    0.96848858
    1.55358988
    1.12120302
    1.73922685
    1.76504144
    2.10233565
    2.10546387
    2.51001399
    2.59779693
    2.11540843
     2.2296263
    2.34865097
    2.91444376
    3.05127902
    2.45711935
    2.05604268
     1.4109909
   0.986056319
    1.70156204
     1.7519956
     1.3813723
    1.43586236
    1.06805808
   0.777960242
    1.91579457
    1.96448226
     2.1844517
     2.3469079
    3.10177322
    3.24316128
     3.0217713
    2.72264425
     2.5602825
      2.720924
    1.57703666
    2.21359349
    1.92786089
     2.2922646
    2.39657375
    2.56639103
    2.75321403
    2.83294675
    3.17584604
    3.67995829
    3.29153148
    3.58082746
    2.88146979
    3.34429884
    2.72444441
    2.62943805
    1.82941489
    1.64182253
    1.88105579
    1.81454225
    2.16833766
    1.92684646
    2.31857176
    2.14563749
    2.35773201
    2.75586892
     2.7390661
    2.87900014
    2.93853536
    3.00343144
    3.40948829
    1.84176264
    2.90517975
    2.52177055
    3.12699978
      3.475759
    3.43435667
    3.20308019
    2.82979724
    2.76673391
    3.44422474
    3.97556745
     3.6694612
    3.72762685
      4.080539
    3.68560137
    3.86196307
    4.30154954
    4.08920252
    3.58183293
    3.27827818
     3.5097744
    3.42365156
    3.78224746
    3.86034369
    4.09317865
    4.28934446
    3.53313384
    3.33275676
    3.78207429
    3.75891462
    4.36672855
    4.46734659
    3.76332391
    3.99802125
    4.12149291
     3.7597816
    4.13077737
    4.19283851
    3.53944789
    3.66185317
    3.87237919
    3.83507518
     3.7655028
    3.85872395
    3.47048841
    3.89977929
    4.66883797
    4.19623633
    3.44136481
    3.72294921
    3.14020965
    3.21691041
    3.32558915
    2.73745791
    3.30107923
    3.24959365
    3.38708764
    3.70920871
    3.90084429
    2.89914131
    3.28425277
    3.65319559
    4.55959384
     3.3820085
    3.15596722
    3.23414988
    3.46236454
     3.4380371
    1.32457744
    2.34332096
    2.58024655
    2.86275363
     3.2861172
    2.50639663
     1.0695043
    1.97017707
    2.15290057
    2.58616348
    2.77277504
    3.06026811
    2.75553427
     3.0137492
    2.76935289
    1.47472616
   0.734437003
    1.64613428
    1.96878086
     1.2370355
    1.59619464
    1.85474374
    1.10271977
    1.64181699
    1.90060124
    1.87358818
    1.77141125
    1.89288017
     2.1678771
    1.48579488
    2.12004994
    2.25479484
   0.970471902
    1.66839972
    1.72269222
    1.05692309
    1.49689033
    1.99717781
    0.87256354
   0.918224727
   0.778481798
    1.15525531
    1.28312063
    1.25663459
    1.36149937
    1.28974611
    1.52731043
    1.43695422
    1.35099954
    1.52894783
    1.47820521
    1.01953455
    1.20524967
    1.07259042
    1.47547063
    1.35436143
     1.4441981
    1.54654477
   0.573763743
   0.482844371
   0.732039809
    1.17626946
   0.916854745
   0.971653532
    1.00873022
   0.663458345
    1.05039378
   0.865175174
   0.571562531
  0.0894802039
