#
   0.648691799
    1.48372076
    1.53059113
    1.79666421
    1.68035527
    1.66481744
    1.82829931
    1.66516327
    1.28344371
    1.12358719
    1.32678993
    1.56342221
    1.82755671
    1.77182048
    1.91356914
    1.10698594
    1.27586843
    1.87492485
     1.9941393
    1.92398322
     1.9076801
    1.80308803
    1.75723443
    1.38908199
    1.54903471
    1.81258688
    1.85961608
    2.04414008
    1.95831154
    1.89349732
    1.98502626
    1.79118692
    1.53303345
    1.78012494
    1.73020824
    1.64159015
    1.81621598
    1.94885011
    2.06912901
    1.87432981
    1.95670806
    1.49551185
    1.73075261
     1.9995431
    1.97170478
    1.96078645
     1.8528805
      1.896353
    1.78017679
    1.65103352
    1.36556827
    1.95044579
    1.91348257
    1.64911911
     1.6741552
    1.52033986
    1.80630387
    1.72230223
    1.87587095
    1.94359896
     1.6687679
    1.75380156
     1.8420545
    1.69941175
     1.6687265
    1.77052598
    1.88440301
     1.6233997
    1.77818328
    1.85155921
    1.84120573
    1.53918532
    1.40345313
    1.70915589
    1.69643209
    1.59852807
    1.73258724
    1.25276513
    1.57690428
    1.64147126
    1.71870982
    1.69980636
    1.44673606
    1.50147833
    1.74091232
    1.66048661
     1.6659902
    1.62104425
    1.43536936
    1.28304014
    1.46382753
     1.2212514
    1.36765978
    1.56767841
    1.43089787
    1.10559453
   0.953187049
   0.763926717
    1.27755453
    1.46887782
    1.40711635
    1.23136874
    1.17745738
    1.11016189
     1.4245373
    1.49482994
    1.49766211
    1.52036805
    1.37290261
    1.23575707
    1.24977739
    1.27281278
    1.03619868
   0.811962739
   0.958713089
    1.24534463
    1.21387587
    1.01274405
    0.95044108
   0.831878624
   0.818621365
   0.781016796
   0.730937201
    0.66343798
   0.599652242
   0.469230419
   0.415541351
   0.391362544
   0.340820497
   0.100072636
   0.227759008
   0.174582833
   0.195393086
  0.0649074324
   0.118463536
   0.138769859
   0.129392194
   0.168812849
  0.0416700789
  0.0311959805
  0.0157867449
  0.0216481079
  0.0180946801
0.000959491344
 0.00053881485
0.000252818746
  0.0142273567
             0
             0
             0
             0
             0
             0
             0
             0
             0
             0
             0
             0
             0
             0
             0
             0
             0
             0
             0
             0
             0
             0
             0
             0
             0
             0
             0
             0
             0
             0
             0
             0
             0
             0
             0
             0
             0
             0
             0
             0
             0
             0
             0
             0
             0
             0
             0
             0
             0
             0
             0
             0
             0
             0
             0
             0
             0
             0
             0
             0
             0
             0
             0
             0
             0
             0
             0
             0
             0
             0
             0
             0
             0
             0
             0
             0
             0
             0
             0
             0
             0
             0
             0
             0
             0
             0
             0
             0
             0
             0
             0
             0
             0
             0
             0
             0
             0
             0
             0
             0
             0
             0
             0
             0
             0
             0
             0
             0
             0
             0
             0
             0
             0
             0
             0
             0
             0
             0
             0
             0
             0
             0
             0
             0
             0
             0
             0
             0
             0
             0
             0
             0
             0
             0
             0
             0
             0
             0
             0
             0
             0
             0
             0
             0
             0
             0
  0.0262191749
  0.0320446809
 0.00111431277
 0.00276353511
 0.00488071817
  0.0110343253
  0.0221806391
   0.027404438
  0.0159015668
  0.0255478302
  0.0375145561
  0.0541890061
   0.113212462
   0.154722959
   0.223668351
   0.251095813
   0.271430404
   0.105515189
   0.301153328
   0.476635809
   0.173694716
       0.27218
    0.41991727
   0.480961057
   0.474390129
    0.24444129
   0.240395356
   0.269330478
   0.444257076
    0.63655413
   0.952935718
    1.24213744
    1.33961082
    1.49820389
    1.50037707
     1.3533891
    1.07263113
   0.903715916
    0.93398687
     1.4560155
    0.96155401
     1.2138767
    1.57557297
    1.66349409
    1.68273071
    1.73172791
    1.81672742
     1.8551023
    1.70118838
    1.45134382
    1.47603476
    1.07362472
    0.69809118
    1.03332693
    1.45563642
    1.51421588
    1.80572535
    1.76111175
    1.65890918
    1.72386658
    1.93356804
    1.78870483
    1.87600582
    1.51238607
    1.15457912
   0.768440629
    1.16476272
    1.79495771
    1.93363652
    2.00827196
    2.01484469
     1.9323908
    2.01111966
    2.04235377
    1.97919504
    1.52318538
    1.10750426
   0.855100557
    1.23183853
    1.05347356
    1.60104979
    1.50292993
    1.60549129
    1.89474684
    1.94485287
    1.87077927
   0.615800104
    1.81735666
   0.832102201
    1.83412113
    1.39844566
    1.88724866
    2.04366284
    2.06394747
    1.84364255
    1.71011651
    1.96421707
    1.47763633
    1.87594428
    1.88834301
    1.36432708
    1.46018152
    1.78572656
    1.71798927
    1.78245851
    1.90973038
    1.79794689
    1.73074034
    1.89123629
    1.97475535
    2.01041013
    1.97926258
    2.00702757
    1.98088315
    1.92466435
    1.63232223
    1.93291362
    1.98719068
    1.84974855
    2.00887791
    1.96099017
    1.95595465
    1.53899823
    1.50689262
     1.4884702
    1.53763972
    1.89149709
    1.87621623
    1.94585091
    1.91222373
    1.97087006
    1.92513099
    1.94665958
    1.53154529
    1.44680427
    1.81693504
    1.77266713
    1.63960363
    1.65351683
      1.653385
    1.69729419
    1.62317333
    1.69562396
    1.79610905
    1.74260135
    1.63427696
    1.64600564
    1.41714553
    1.13675521
    1.61207372
    1.52954842
    1.62254559
    1.65531302
    1.70837699
    1.73917153
    1.62421713
    1.55252178
    1.39407729
    1.65010394
    1.70005636
    1.61856309
     1.6508598
    1.70310818
    1.62704276
    1.46426469
    1.37761697
    1.53302293
    1.65263402
     1.6030456
    1.66423503
    1.61240087
    1.43575395
    1.38455577
   0.887842961
    1.27281664
   0.443311244
   0.859128682
   0.757638992
   0.568418515
   0.731677702
   0.414302384
   0.475206782
    1.13083752
    1.25148878
   0.982062225
    1.05115849
    1.18081818
    1.29624997
    1.27569225
    1.21432441
    1.21456394
    1.07994148
    1.04673652
   0.533208795
   0.896073788
    1.06830004
    1.02446834
    0.84733995
   0.530815056
   0.577746606
   0.362943427
   0.378061995
   0.237637375
    0.47066032
   0.297009314
   0.290512489
   0.234101318
   0.229165021
   0.123735334
  0.0936858571
  0.0864994611
  0.0432064614
  0.0303144797
 0.00531855661
 0.00294978917
  0.0025231868
0.000788927472
0.000225076652
2.48963009E-05
             0
             0
             0
             0
             0
             0
             0
             0
             0
             0
             0
             0
             0
             0
             0
             0
             0
             0
             0
             0
             0
             0
             0
             0
             0
             0
             0
             0
             0
             0
             0
             0
             0
             0
             0
             0
             0
             0
             0
             0
             0
             0
             0
             0
             0
             0
             0
             0
             0
             0
             0
             0
             0
             0
             0
             0
             0
             0
             0
             0
             0
             0
             0
             0
             0
             0
             0
             0
             0
             0
             0
             0
             0
             0
             0
             0
             0
             0
             0
             0
             0
             0
             0
             0
             0
             0
             0
             0
             0
             0
             0
             0
             0
             0
             0
             0
             0
             0
             0
             0
             0
             0
             0
             0
             0
             0
             0
             0
             0
             0
             0
             0
             0
             0
             0
             0
             0
             0
             0
             0
             0
             0
             0
             0
             0
             0
             0
             0
             0
             0
             0
             0
             0
             0
             0
             0
             0
             0
             0
             0
             0
             0
             0
             0
             0
             0
             0
             0
             0
             0
             0
             0
             0
             0
             0
             0
1.36678749E-05
0.000486074681
 0.00113232621
 0.00208730563
  0.0209830034
  0.0222269917
  0.0257833889
  0.0747571183
   0.121861324
    0.14778502
   0.168575057
   0.242343484
   0.295176474
   0.327569076
   0.185117301
   0.252228708
   0.383621432
   0.491696881
      0.563414
   0.631127201
   0.832769429
   0.532750576
   0.940690119
   0.639875236
    1.09687421
    1.10933942
     1.4472279
     1.4023225
    1.47768712
    1.61256474
    1.35538465
    1.43259127
    1.35126841
    1.39472114
    1.47281386
    1.25317853
   0.914204142
   0.548708866
    0.34182498
   0.677514037
   0.748963183
   0.738215143
   0.613533305
   0.516529679
   0.212628656
   0.606805157
    0.74968831
    1.17358882
    1.39727438
    1.69376553
    1.70428764
    1.70624271
    1.65607075
    1.45551503
    1.59022609
    0.84925649
    1.47676218
     1.0781746
    1.38655525
    1.50835591
    1.66746568
    1.69889436
    1.54008787
     1.7016625
    1.77633159
    1.78947914
    1.73714576
    1.54948043
    1.65660036
    1.67095863
    1.68126959
    1.04761092
   0.856871754
    1.10232747
    1.02143269
    1.32034552
    1.32164848
    1.50071096
    1.37532493
    1.57407221
     1.6448993
    1.78141636
    1.86702316
    1.87682179
    1.72731467
    1.73122007
    1.11655499
    1.56131964
    1.44490215
    1.72347416
    1.87750438
    1.83022815
    1.65031653
    1.49473011
    1.53452789
    1.82661657
    1.88173734
    1.93521429
    1.79217041
    1.75926235
    1.83313938
    1.86289406
    1.93967101
     1.8768239
    1.81052334
    1.67241267
    1.85042984
    1.74668504
    1.89293331
     1.9159438
    1.96070699
    1.88432587
    1.66870569
    1.75821057
    1.86231274
    1.92649588
    1.91980669
    1.95040007
    1.96307522
    1.89014575
    1.92996863
    1.90042118
    1.87470204
    1.84296901
     1.7644258
    1.89208907
    1.81942423
    1.83874693
    1.85026939
    1.82901986
    1.49300309
    1.61947637
    1.71783766
    1.85759057
    1.67910788
    1.71024785
    1.62210272
    1.63318648
    1.60993996
    1.36801806
    1.51157116
    1.61473196
    1.69740372
    1.68086367
    1.63353744
    1.45253386
    1.59935036
    1.66355985
    1.75715227
    1.60417927
     1.5844224
    1.65737822
     1.6500415
    1.35494055
   0.632748211
    1.38690825
    1.46391458
    1.46089845
    1.50558457
    1.22709736
    0.47655029
    1.14944877
    1.34459469
    1.43374658
    1.50102134
    1.47404956
    1.39323455
    1.53344254
    1.18142879
   0.953972922
   0.298278708
    1.05621444
    1.29500097
   0.840311483
     1.1032752
    1.10867002
   0.598274682
   0.932250791
    1.19114754
    1.09969616
    1.10913845
    1.14184968
    1.17076044
    1.00007922
    1.07443637
    1.00458956
    1.21308196
   0.140122331
   0.695118241
   0.891563813
   0.593209728
    0.82688227
    0.72789379
   0.243779506
   0.303912796
   0.268087668
   0.431630516
   0.447280521
   0.484427361
   0.304039503
    0.23283717
   0.222172551
   0.161944882
   0.209301627
   0.273067526
   0.264457165
   0.161895516
   0.205697345
  0.0599934578
  0.0721242563
  0.0693693143
   0.108956901
  0.0913454594
  0.0040549622
 0.00242859412
 0.00125237767
 0.00962647265
  0.0192606953
  0.0166770037
 0.00949255273
 0.00485880625
 0.00294987092
0.000191192792
5.13923718E-06
4.56988892E-06
             0
             0
             0
             0
             0
             0
             0
             0
             0
             0
             0
             0
             0
             0
             0
             0
             0
             0
             0
             0
             0
             0
             0
             0
             0
             0
             0
             0
             0
             0
             0
             0
             0
             0
             0
             0
             0
             0
             0
             0
             0
             0
             0
             0
             0
             0
             0
             0
             0
             0
             0
             0
             0
             0
             0
             0
             0
             0
             0
             0
             0
             0
             0
             0
             0
             0
             0
             0
             0
             0
             0
             0
             0
             0
             0
             0
             0
             0
             0
             0
             0
             0
             0
             0
             0
             0
             0
             0
             0
             0
             0
             0
             0
             0
             0
             0
             0
             0
             0
             0
             0
             0
             0
             0
             0
             0
             0
             0
             0
             0
             0
             0
             0
             0
             0
             0
             0
             0
             0
             0
             0
             0
             0
             0
             0
             0
             0
             0
             0
             0
             0
             0
             0
             0
             0
1.82422004E-05
0.000120652738
0.000387812198
0.000262975285
 0.00721503165
  0.0123811898
  0.0986656822
   0.149257305
  0.0575450049
 0.00732723404
  0.0846558829
   0.239826958
   0.279209349
   0.348558245
    0.57466923
   0.583730521
   0.506019562
   0.509660622
   0.649088254
   0.930078805
    1.12022553
    1.01694021
   0.995322817
    1.16550361
    1.33986311
   0.512049401
   0.419681876
   0.524869676
   0.352016013
    0.61374637
   0.561646739
   0.819033415
   0.783845016
    1.34499003
    1.41923828
   0.564776228
   0.500481816
    0.65395086
    1.27860535
    1.18605352
    1.28271448
    1.51699332
    1.28303784
   0.713793514
    1.20986465
    1.65139931
    1.62207706
    1.51513462
     1.6274293
    1.60079966
    1.72166771
     1.5145154
    1.54026337
   0.761607271
    1.32940581
    1.09169501
    1.60580074
    1.60244478
    1.64224701
    1.45777687
    1.70845307
    1.50891113
    1.58929323
   0.701871687
    1.53987694
    1.63149729
    1.16934298
    1.55701532
    1.66905422
    1.58653132
    1.73727622
    1.67116546
    1.54605602
    0.97223166
   0.951154242
    1.53788537
   0.962117639
    1.49042356
       1.69925
    1.78591602
    1.91915515
    1.75528969
    1.81278464
    1.81982704
    1.70846165
    1.70707684
    1.93479158
    1.91638102
    1.98509189
    1.80269957
    1.75876994
    1.94686358
    1.98061262
    1.82228101
    2.00471003
    1.76284511
    1.71107974
    1.77610909
     1.6840731
    1.93142921
    1.67995027
    1.83289757
    1.83998947
    1.79196506
    1.80229427
    1.66637851
     1.5893999
    1.83871137
    1.80318045
    1.59521057
    1.77250622
    1.76069002
    1.93356914
    1.79364236
    1.74978569
    1.81577432
    1.70762644
    1.90485272
    1.83596376
    1.76166716
    1.77896569
    1.85306557
    1.84802057
    1.87361142
    1.89074376
    1.86274291
    1.86445551
    1.85799132
    1.84479267
    1.35504795
    1.13197441
    1.73953648
    1.73917513
    1.61664919
     1.4328386
    1.62258954
    1.76840174
    1.81977416
    1.76337775
     1.7975383
    1.31560419
    1.75733573
    1.57084636
    1.66238802
    1.79804027
    1.66998242
    1.74850382
    1.67502608
    1.46917172
   0.337025623
   0.890357525
    1.37675079
    1.53255506
     1.5097056
    1.48317369
    1.54139417
    1.64328702
    1.62000857
    1.59728388
    1.31759093
   0.655933914
    0.87149828
   0.869045088
    1.16290513
     1.4573606
    1.56402828
    1.63966309
    1.59085496
    1.64977463
    1.41962089
    1.27569902
    1.39776193
    1.52414565
    1.35496704
    1.47785373
    1.10078117
    1.23895182
    1.28983456
    1.25194116
    1.37243358
    1.37737674
    1.27010877
    1.24874662
    1.00605629
    1.11565156
    1.11822866
   0.837509249
   0.652957083
   0.795248574
   0.708166249
   0.721976576
   0.602109858
    0.60670165
   0.502506197
   0.501090042
   0.406914934
   0.272492192
   0.256804254
   0.221540936
   0.235023294
   0.239775886
   0.181482626
   0.140285975
   0.104072575
  0.0812625002
   0.197545054
   0.110742576
  0.0727482628
  0.0162775958
 0.00595776611
  0.0369740845
 0.00262272205
7.71889555E-05
 4.1217353E-06
             0
             0
             0
             0
             0
             0
             0
             0
             0
             0
             0
             0
             0
             0
             0
             0
             0
             0
             0
             0
             0
             0
             0
             0
             0
             0
             0
             0
             0
             0
             0
             0
             0
             0
             0
             0
             0
             0
             0
             0
             0
             0
             0
             0
             0
             0
             0
             0
             0
             0
             0
             0
             0
             0
             0
             0
             0
             0
             0
             0
             0
             0
             0
             0
             0
             0
             0
             0
             0
             0
             0
             0
             0
             0
             0
             0
             0
             0
             0
             0
             0
             0
             0
             0
             0
             0
             0
             0
             0
             0
             0
             0
             0
             0
             0
             0
             0
             0
             0
             0
             0
             0
             0
             0
             0
             0
             0
             0
             0
             0
             0
             0
             0
             0
             0
             0
             0
             0
             0
             0
             0
             0
             0
             0
             0
             0
             0
             0
             0
             0
             0
             0
             0
             0
             0
             0
             0
             0
             0
             0
             0
             0
             0
             0
             0
             0
             0
4.15040951E-05
0.000111282222
  0.0761461602
  0.0404953338
  0.0149473643
  0.0918506329
  0.0253413907
   0.065637948
  0.0804059942
   0.103490382
   0.066139773
   0.154291303
   0.110130068
   0.274346886
  0.0695828917
   0.120546932
   0.132218264
  0.0724177851
  0.0805175432
   0.716023082
   0.621285322
   0.179925182
   0.137390432
   0.272152717
   0.382342836
   0.358936035
    0.55256566
   0.953508661
   0.755360014
   0.102196731
   0.424884007
    0.70645448
   0.612407411
   0.960628945
   0.484746646
    1.16252406
   0.349558803
   0.556045084
   0.396032066
   0.439136338
   0.458083205
   0.967454459
    1.03778941
    1.10776196
   0.402332953
   0.633248268
     1.0190956
   0.976284386
   0.895951538
    1.12643364
    1.73825724
    1.64725906
    1.25054402
    1.47966728
    1.60437193
    1.77272952
    1.73018021
    1.72021378
    1.72863376
    1.69981818
    1.05950697
    1.32045736
    1.32899616
    1.61756269
    1.77761519
    1.85093367
    1.79987545
    1.71321555
    1.79755457
    1.72777129
    1.90080983
    1.91253262
    1.95545045
    1.84392947
     1.1273844
    1.62346096
    1.90748433
    1.72704151
    1.58158329
    1.48620113
    1.80068917
    1.59095827
    1.26987629
    1.79102776
    1.51636391
    1.84319568
    1.88820264
    1.77355949
    1.83333299
    1.78838695
    1.36275907
    1.95940957
    1.58160683
    1.79380511
    2.03233244
    2.01498445
    2.06525889
    1.86292663
    1.47911543
    1.43247499
    1.99560475
    1.82595362
    1.62975229
    1.89359165
    2.02022316
    1.92007808
    1.81552993
    1.97606327
    1.82197987
    1.87279822
    1.97361597
    1.90566811
    1.83363618
     1.8375806
    1.99977778
    1.79948239
    1.86390677
    1.93338495
    2.01522376
    1.92539999
     1.6231485
    2.00491779
    1.94701946
    1.90080217
    2.03693075
    1.97160491
    1.77118413
    1.72571777
    1.31338405
    1.11396597
    1.62856842
    1.89690188
    1.91848676
    1.95722505
    1.90416061
    1.91687685
    1.91266882
    1.79342837
     1.4711461
    1.75884837
    1.89101273
    1.77250497
     1.3141722
   0.929901265
    1.89579208
    1.73350592
    1.66087903
    1.59659531
     1.3223204
    1.76619527
    1.66093899
    1.68236448
    1.66678216
    1.57094032
    1.63918715
    1.71046372
    1.55139974
    1.56332019
    1.55750405
    1.71262271
    1.49618944
    1.41384225
    1.50248296
    1.52397957
    1.67328465
    1.53134757
    1.63613698
    1.59370715
     1.5631269
    1.38177911
    1.49178427
   0.809793862
   0.966325514
   0.819213634
    1.06446318
    1.33135963
    1.37239834
    0.89258221
    1.22838256
   0.911896385
    0.80799765
   0.728089187
   0.747593495
   0.732592263
   0.866006118
    0.70100222
   0.797884334
   0.298499618
   0.296399592
   0.185507628
   0.321823683
   0.466994797
   0.161086524
   0.226303757
   0.666764112
    0.82681301
   0.737122877
   0.678437225
   0.851117583
   0.776337815
   0.371496724
   0.739075908
    0.38374548
   0.347750147
   0.317253305
   0.145204117
   0.333578732
   0.225465827
  0.0411194893
   0.174333869
  0.0848092565
  0.0121288971
  0.0276434102
   0.037884636
  0.0343619502
  0.0542750728
  0.0138820719
  0.0221768781
1.00623557E-05
             0
             0
             0
             0
             0
             0
             0
             0
             0
             0
             0
             0
             0
             0
             0
             0
             0
             0
             0
             0
             0
             0
             0
             0
             0
             0
             0
             0
             0
             0
             0
             0
             0
             0
             0
             0
             0
             0
             0
             0
             0
             0
             0
             0
             0
             0
             0
             0
             0
             0
             0
             0
             0
             0
             0
             0
             0
             0
             0
             0
             0
             0
             0
             0
             0
             0
             0
             0
             0
             0
             0
             0
             0
             0
             0
             0
             0
             0
             0
             0
             0
             0
             0
             0
             0
             0
             0
             0
             0
             0
             0
             0
             0
             0
             0
             0
             0
             0
             0
             0
             0
             0
             0
             0
             0
             0
             0
             0
             0
             0
             0
             0
             0
             0
             0
             0
             0
             0
             0
             0
             0
             0
             0
             0
             0
             0
             0
             0
             0
             0
             0
             0
             0
             0
             0
             0
             0
             0
             0
             0
             0
             0
             0
             0
             0
             0
             0
             0
             0
             0
             0
             0
             0
             0
             0
             0
 2.6262864E-05
0.000541591499
 0.00113988109
 0.00546573963
 0.00541922878
  0.0253773207
  0.0157469132
  0.0590515549
  0.0417891248
  0.0365153417
  0.0479254779
   0.081889784
  0.0716485209
   0.170984182
   0.713595994
   0.796420545
   0.750844583
    1.07496685
    0.99664787
   0.999758552
   0.522489354
   0.711506114
    1.05112794
   0.696913503
   0.892055115
    1.11363385
    1.00077949
   0.815903939
   0.413203499
   0.292365505
  0.0371331111
   0.110840256
   0.757713593
    0.80551271
   0.922474602
    1.19233401
    1.20883321
   0.591804943
   0.526231416
   0.495743957
   0.299916143
   0.951069909
    1.13079762
    1.05493657
    1.27582318
    0.96877785
   0.522846725
   0.340246869
   0.243729234
   0.229929689
   0.497271278
   0.551982075
   0.644175545
    1.27319734
      1.177872
    1.19206558
    1.27082569
   0.824138831
   0.687232212
   0.553921407
   0.295444284
    1.06476542
    1.00435641
    1.03004493
     1.0303127
    1.19906386
    1.38865017
    1.26812154
   0.877054294
    0.60035703
   0.441735792
   0.737058253
    0.63256899
   0.834144853
    1.31367463
    1.26039025
    1.33275234
    1.41457378
    1.16116171
   0.600689018
   0.769415652
   0.799036399
    1.19557923
    1.15661313
    1.33659785
    1.19769747
    1.20386345
    1.22925792
    1.21285825
    1.11922326
    1.12136939
     1.0962592
    1.22621163
   0.962393253
    1.15199645
    1.15955296
   0.861169933
   0.598557823
   0.526888045
   0.554846137
   0.612858764
   0.607654988
   0.808209289
    0.87170772
   0.875815162
     1.2013911
    1.05121983
    1.09694613
    1.07824707
    1.05999324
    1.10266822
   0.947477987
    1.01368203
    1.06318035
     1.0257305
     1.0695885
    1.09559607
    1.12449142
    1.07234974
   0.666991934
   0.698971638
    1.37984878
    1.27008037
   0.411159098
    0.68422851
   0.966276306
    1.31399815
    1.22978628
   0.979890613
   0.784421439
   0.829603123
    1.16391306
    1.14990088
   0.824889966
   0.482425054
   0.481346645
    0.89108503
   0.921968187
   0.643337825
   0.269759142
   0.818893781
   0.530201375
    0.56579184
    0.39499267
   0.124870272
   0.515082314
   0.667849824
   0.651091522
    0.77583007
   0.687136183
   0.734719001
   0.654499271
   0.669759789
   0.743004001
   0.782753257
   0.634204608
   0.718922479
   0.648517947
   0.563053222
   0.424049457
   0.652182157
   0.535923547
   0.724328237
   0.773166053
   0.696377832
   0.565338357
   0.706323489
   0.701177341
   0.654053025
   0.607623172
   0.603988361
   0.641124029
   0.661636264
   0.617823566
   0.633648828
    0.58074588
   0.634858494
   0.533013462
   0.522066625
    0.38979187
   0.474726837
   0.101374763
   0.188395471
   0.137979963
   0.069519819
