#
    2.97218559
  0.0469024989
             0
             0
             0
             0
             0
  0.0469024989
  0.0469024989
     2.1921101
  0.0469024989
             0
  0.0469024989
             0
             0
             0
    7.84765742
             0
             0
  0.0469024989
             0
             0
             0
     23.839205
  0.0469024989
             0
             0
             0
             0
             0
             0
             0
             0
             0
             0
             0
             0
             0
             0
             0
             0
             0
             0
             0
             0
             0
             0
             0
             0
             0
    10.1878839
             0
             0
             0
             0
             0
             0
             0
             0
             0
             0
             0
             0
             0
             0
             0
             0
             0
             0
             0
             0
             0
             0
   0.241921372
             0
             0
             0
             0
             0
             0
             0
             0
             0
             0
             0
             0
             0
             0
             0
             0
    4.72735545
             0
             0
             0
             0
             0
   0.241921372
    8.04267629
             0
             0
             0
             0
             0
  0.0469024989
             0
             0
             0
             0
             0
             0
             0
             0
   0.826977991
    3.75226109
    2.38712898
  0.0469024989
             0
             0
             0
             0
             0
             0
             0
             0
             0
             0
             0
             0
             0
     11.553016
    1.21701574
  0.0469024989
             0
    1.21701574
    4.14229883
  0.0469024989
             0
  0.0469024989
             0
  0.0469024989
   0.436940245
             0
             0
    5.31241207
    7.06758193
             0
             0
             0
  0.0469024989
    1.80207236
             0
             0
     2.1921101
    8.62773291
             0
             0
     5.1173932
     7.2626008
             0
  0.0469024989
    3.36222334
             0
             0
  0.0469024989
   0.241921372
             0
  0.0469024989
             0
  0.0469024989
             0
             0
  0.0469024989
  0.0469024989
             0
  0.0469024989
             0
  0.0469024989
             0
  0.0469024989
             0
             0
    7.65263855
     2.1921101
   0.436940245
   0.241921372
  0.0469024989
    4.92237432
   0.631959118
    1.02199686
     2.1921101
    10.5779216
             0
  0.0469024989
             0
   0.631959118
  0.0469024989
    12.3330915
  0.0469024989
    1.41203461
             0
  0.0469024989
             0
             0
  0.0469024989
             0
  0.0469024989
             0
             0
  0.0469024989
             0
             0
             0
   0.826977991
  0.0469024989
    1.60705348
    1.99709123
    1.99709123
    3.16720447
             0
             0
             0
             0
             0
             0
  0.0469024989
             0
             0
  0.0469024989
             0
    2.58214785
             0
             0
   0.826977991
    11.7480349
   0.826977991
   0.436940245
    5.70244982
    3.55724221
   0.241921372
    10.9679594
     2.1921101
   0.241921372
    8.62773291
    5.50743094
             0
   0.241921372
    5.89746869
   0.631959118
    1.80207236
    4.53233658
     2.1921101
  0.0469024989
             0
   0.241921372
    6.28750644
             0
  0.0469024989
             0
  0.0469024989
             0
  0.0469024989
             0
             0
             0
             0
  0.0469024989
             0
             0
  0.0469024989
             0
             0
  0.0469024989
             0
             0
   0.826977991
    5.70244982
             0
    2.58214785
    1.41203461
             0
             0
             0
  0.0469024989
             0
             0
             0
             0
             0
  0.0469024989
             0
             0
             0
             0
             0
             0
             0
             0
             0
             0
             0
             0
             0
             0
             0
             0
             0
             0
             0
             0
             0
  0.0469024989
             0
             0
    2.97218559
    4.14229883
  0.0469024989
             0
  0.0469024989
    4.53233658
    3.94727996
    3.94727996
   0.436940245
   0.631959118
             0
             0
             0
             0
             0
             0
   0.826977991
    1.02199686
             0
  0.0469024989
             0
    3.16720447
             0
             0
             0
             0
             0
             0
             0
             0
  0.0469024989
             0
    6.09248756
             0
  0.0469024989
             0
             0
             0
             0
             0
             0
             0
             0
             0
    1.21701574
    6.48252531
  0.0469024989
             0
             0
             0
             0
             0
             0
             0
             0
             0
             0
   0.241921372
    1.80207236
   0.826977991
     5.1173932
    2.58214785
  0.0469024989
             0
             0
             0
    1.41203461
             0
  0.0469024989
             0
   0.436940245
             0
             0
             0
             0
             0
             0
             0
             0
             0
             0
             0
             0
             0
             0
             0
             0
             0
             0
             0
             0
             0
             0
             0
             0
             0
             0
             0
             0
             0
             0
             0
             0
             0
    4.92237432
   0.631959118
             0
             0
             0
             0
             0
             0
             0
             0
     3.2647139
             0
             0
             0
             0
             0
             0
             0
             0
             0
             0
             0
             0
             0
    6.67754418
     14.839084
             0
             0
             0
             0
             0
             0
             0
             0
             0
             0
             0
             0
             0
             0
             0
             0
             0
             0
             0
             0
             0
             0
             0
             0
     2.1921101
             0
             0
             0
             0
             0
             0
  0.0469024989
             0
             0
             0
             0
             0
             0
             0
             0
             0
             0
  0.0469024989
    3.94727996
   0.017649668
     4.9613781
             0
             0
   0.631959118
             0
    2.35787614
    17.3645784
    40.1232809
    12.9083972
  0.0664043862
             0
             0
             0
             0
   0.436940245
    10.5779216
  0.0469024989
             0
    3.55724221
    2.58214785
    16.9355369
    8.00367252
    4.62984601
  0.0469024989
             0
   0.514947794
   0.271174203
             0
             0
             0
   0.154162879
   0.144411935
    3.07944597
             0
   0.144411935
             0
             0
   0.212668541
             0
             0
             0
             0
             0
   0.144411935
    3.06969503
    3.30371768
    8.68623857
    6.16074417
    24.5607748
             0
   0.144411935
    1.32427612
     1.4315365
  0.0469024989
    1.89958179
    2.38712898
    1.61680443
             0
   0.329679865
             0
  0.0371515553
             0
             0
    3.97653279
             0
             0
             0
             0
             0
             0
             0
             0
    1.41203461
    1.41203461
  0.0469024989
    3.36222334
   0.631959118
             0
   0.631959118
   0.436940245
    1.21701574
  0.0469024989
             0
             0
   0.241921372
  0.0469024989
   0.631959118
   0.631959118
             0
  0.0469024989
             0
             0
             0
  0.0469024989
             0
             0
  0.0469024989
  0.0469024989
             0
             0
             0
   0.631959118
     2.1921101
   0.241921372
  0.0469024989
   0.241921372
  0.0469024989
             0
  0.0469024989
             0
             0
             0
             0
             0
             0
  0.0469024989
             0
             0
             0
  0.0469024989
             0
  0.0469024989
             0
  0.0469024989
  0.0469024989
   0.826977991
    4.95162716
    7.36986118
    1.64605726
   0.173664766
   0.232170428
  0.0469024989
  0.0469024989
             0
             0
             0
   0.826977991
    2.67965728
   0.758721385
    2.06534783
    8.14018573
  0.0469024989
    1.02199686
    1.69481198
    3.51823844
    1.08050253
  0.0469024989
  0.0469024989
             0
             0
    16.3797331
  0.0469024989
             0
             0
             0
             0
    4.87361961
   0.436940245
             0
             0
             0
             0
  0.0469024989
  0.0664043862
    2.74791389
   0.310177978
             0
             0
  0.0664043862
             0
    7.25284986
    9.80759709
             0
             0
             0
    8.93976311
    18.9637332
    4.20080449
             0
             0
    8.35470649
   0.349181752
    2.80641955
             0
   0.436940245
    1.88007991
             0
             0
             0
             0
             0
             0
             0
             0
    1.80207236
   0.836728935
    4.55183847
    8.32545366
    12.2843368
   0.622208174
   0.407687414
             0
             0
     3.7327592
    10.4706613
             0
             0
             0
             0
             0
             0
             0
             0
             0
             0
  0.0371515553
             0
    3.16720447
    1.80207236
     8.7154914
    2.44563464
    9.15428387
   0.865981766
             0
    6.39476682
   0.456442132
    1.98734029
             0
             0
             0
             0
             0
             0
             0
             0
   0.485694963
             0
   0.524698738
             0
             0
             0
             0
             0
             0
             0
             0
             0
             0
             0
             0
    10.9679594
    3.11844975
    16.6430086
    8.12068384
     4.2690611
    4.01553656
             0
             0
             0
             0
             0
             0
             0
             0
             0
   0.144411935
    6.38501587
   0.778223273
    12.6353708
             0
   0.358932696
             0
             0
             0
   0.017649668
             0
             0
             0
             0
             0
             0
             0
             0
             0
             0
             0
             0
             0
             0
             0
             0
             0
             0
             0
             0
             0
             0
             0
             0
             0
             0
             0
             0
             0
             0
             0
             0
             0
             0
             0
             0
             0
             0
             0
             0
             0
             0
             0
             0
             0
             0
             0
             0
             0
             0
             0
             0
             0
             0
             0
             0
             0
             0
             0
    8.82275178
             0
             0
             0
             0
  0.0469024989
  0.0469024989
  0.0469024989
             0
             0
             0
             0
             0
             0
             0
   0.826977991
    36.9054695
             0
             0
   0.826977991
  0.0469024989
             0
             0
             0
             0
             0
             0
             0
             0
             0
             0
             0
             0
             0
     16.233469
  0.0469024989
             0
             0
   0.436940245
   0.826977991
   0.826977991
  0.0469024989
  0.0469024989
             0
             0
    4.14229883
             0
             0
             0
             0
             0
             0
  0.0469024989
             0
             0
             0
             0
             0
    1.80207236
   0.241921372
  0.0469024989
             0
    2.38712898
   0.631959118
  0.0469024989
             0
             0
             0
  0.0469024989
    1.42178555
    2.05559689
             0
             0
             0
             0
    5.38066868
   0.154162879
   0.154162879
    5.37091773
             0
    3.50848749
    10.3243971
    7.40886495
   0.154162879
   0.436940245
             0
             0
             0
             0
   0.154162879
             0
    3.44998183
   0.758721385
    4.12279694
    1.04149875
   0.144411935
    23.2248956
     8.8715065
    14.2735293
    7.23334797
    2.56264596
             0
             0
    1.32427612
   0.436940245
             0
             0
             0
             0
             0
             0
    19.9875823
    19.4317785
    13.2009255
    7.05783098
   0.144411935
             0
             0
             0
             0
             0
    4.32756676
    1.33402706
             0
   0.144411935
   0.154162879
    1.36327989
    2.30912143
    21.9475219
   0.466193076
    3.53774033
      1.343778
    5.35141584
             0
             0
             0
             0
             0
             0
   0.456442132
             0
   0.144411935
             0
             0
             0
             0
             0
             0
             0
   0.446691189
    10.7729405
   0.739219498
    1.62655537
             0
             0
             0
   0.144411935
             0
             0
             0
             0
             0
             0
             0
             0
             0
    3.31346862
    4.54208752
    1.95808745
    17.8618765
   0.456442132
             0
    4.70785356
     5.2734083
             0
             0
             0
             0
             0
             0
             0
             0
             0
             0
             0
    1.93858557
             0
             0
             0
             0
             0
             0
    1.03174781
    3.75226109
    2.54314407
     11.377499
    3.13795164
   0.758721385
             0
             0
             0
             0
             0
             0
    1.08050253
    1.64605726
    5.52693283
    7.49662345
    2.27986859
    4.07404223
             0
             0
             0
             0
             0
    6.11198945
             0
             0
             0
             0
             0
             0
             0
             0
             0
             0
             0
             0
             0
             0
             0
   0.144411935
    1.94833651
    7.04808004
    5.54643472
             0
     1.9678384
             0
    1.06100064
   0.154162879
             0
  0.0469024989
             0
             0
             0
             0
             0
             0
             0
             0
             0
             0
             0
     2.8161705
             0
             0
             0
             0
             0
   0.241921372
    3.84001958
  0.0469024989
             0
   0.456442132
             0
             0
  0.0566534426
    1.05124969
             0
             0
             0
   0.836728935
   0.856230822
             0
             0
             0
             0
             0
   0.251672316
    1.84107613
    3.58649504
             0
   0.641710062
             0
             0
             0
             0
             0
             0
             0
             0
             0
             0
             0
             0
             0
             0
             0
             0
             0
             0
             0
             0
             0
             0
             0
             0
             0
             0
             0
             0
             0
             0
             0
             0
             0
             0
             0
             0
             0
             0
             0
             0
             0
             0
             0
             0
             0
             0
             0
             0
             0
             0
             0
             0
  0.0469024989
    4.87361961
             0
             0
             0
             0
             0
             0
             0
             0
             0
             0
             0
             0
             0
             0
             0
             0
             0
             0
    7.93541591
      2.036095
             0
             0
             0
  0.0566534426
             0
             0
             0
             0
             0
    2.41638181
  0.0469024989
             0
   0.251672316
             0
             0
             0
             0
             0
             0
             0
             0
             0
             0
             0
             0
    1.03174781
             0
    1.86057802
             0
             0
             0
             0
             0
             0
             0
             0
             0
             0
             0
             0
             0
             0
             0
             0
             0
             0
             0
             0
             0
             0
             0
             0
             0
             0
             0
             0
             0
             0
             0
             0
             0
    3.22571013
    8.60823102
     1.2755214
    4.50308375
    1.67531009
  0.0469024989
  0.0469024989
             0
    1.85082707
    1.03174781
    5.96572529
    15.0243519
             0
   0.251672316
  0.0469024989
             0
   0.241921372
    9.37855557
   0.436940245
   0.251672316
  0.0469024989
             0
    2.28961954
    5.71220076
  0.0469024989
             0
             0
    9.12503104
   0.631959118
    1.24626857
   0.241921372
             0
             0
  0.0469024989
  0.0469024989
  0.0469024989
  0.0469024989
  0.0469024989
  0.0469024989
             0
    2.70891012
  0.0469024989
             0
             0
  0.0469024989
             0
   0.241921372
             0
    3.05019314
             0
   0.661211949
    2.32862331
    3.75226109
  0.0566534426
    1.73381575
  0.0566534426
             0
  0.0469024989
  0.0566534426
             0
  0.0469024989
             0
  0.0566534426
             0
  0.0469024989
             0
  0.0469024989
             0
  0.0469024989
  0.0469024989
   0.261423259
    1.46078933
   0.241921372
             0
   0.241921372
             0
   0.251672316
             0
             0
             0
             0
   0.436940245
             0
  0.0469024989
      2.036095
   0.241921372
  0.0469024989
             0
             0
  0.0469024989
  0.0469024989
             0
             0
  0.0469024989
  0.0469024989
   0.456442132
             0
  0.0469024989
             0
             0
             0
    3.44998183
             0
             0
             0
             0
  0.0469024989
  0.0469024989
             0
             0
             0
             0
             0
             0
             0
  0.0469024989
             0
             0
             0
  0.0469024989
             0
             0
             0
             0
             0
             0
             0
             0
             0
             0
  0.0469024989
  0.0469024989
    1.03174781
   0.661211949
  0.0469024989
             0
             0
             0
  0.0469024989
             0
             0
             0
             0
             0
             0
             0
   0.865981766
  0.0566534426
             0
  0.0469024989
             0
             0
             0
             0
             0
             0
             0
             0
             0
             0
             0
   0.651461005
     5.6536951
             0
    2.27011765
    3.45973278
    12.1380726
    4.08379317
  0.0469024989
   0.446691189
    1.70456292
   0.661211949
    1.46078933
  0.0566534426
    4.34706865
    0.47594402
             0
             0
     1.4997931
    1.29502329
    2.27986859
  0.0566534426
             0
  0.0566534426
             0
    11.6212726
    4.02528751
    4.92237432
    9.45656312
     4.6493479
   0.261423259
   0.651461005
  0.0469024989
    10.5486688
    4.07404223
    3.62549882
  0.0469024989
   0.856230822
    8.69598952
             0
             0
             0
             0
             0
             0
             0
             0
             0
     2.6601554
    1.06100064
    6.58978569
             0
   0.251672316
             0
             0
             0
             0
             0
             0
             0
             0
             0
             0
    5.85846491
  0.0469024989
             0
             0
             0
  0.0469024989
             0
             0
             0
             0
             0
             0
             0
             0
             0
             0
             0
             0
  0.0566534426
             0
             0
             0
             0
             0
             0
             0
             0
             0
             0
             0
             0
             0
             0
             0
             0
             0
             0
             0
             0
             0
             0
             0
             0
             0
             0
             0
             0
             0
             0
             0
             0
             0
             0
   0.661211949
    6.21924983
    6.23875172
             0
             0
             0
             0
             0
             0
             0
             0
             0
             0
             0
             0
             0
             0
             0
             0
             0
             0
       5.49768
             0
             0
             0
             0
             0
             0
             0
             0
             0
             0
             0
             0
             0
             0
             0
             0
             0
             0
             0
  0.0566534426
             0
             0
             0
    30.1285637
  0.0469024989
             0
             0
             0
             0
             0
             0
             0
             0
             0
             0
             0
             0
             0
    4.16180072
             0
    17.5108426
   0.251672316
             0
   0.251672316
             0
             0
             0
             0
             0
             0
             0
             0
             0
             0
             0
   0.251672316
    4.03503845
             0
  0.0469024989
    2.66990634
             0
             0
    20.6213936
     30.245575
   0.826977991
  0.0469024989
             0
             0
  0.0469024989
    2.05559689
    4.40557431
    14.3905406
  0.0566534426
             0
             0
    14.1857708
             0
     1.2755214
    1.04149875
    2.24086482
    6.36551398
             0
  0.0469024989
    1.06100064
     7.7989027
  0.0469024989
    1.86057802
   0.251672316
             0
  0.0469024989
  0.0469024989
   0.446691189
    2.41638181
    1.82157424
   0.251672316
             0
             0
   0.456442132
  0.0469024989
  0.0469024989
     4.5810913
    13.0936651
   0.446691189
  0.0469024989
  0.0469024989
  0.0469024989
    3.17695541
  0.0469024989
             0
             0
   0.456442132
  0.0566534426
   0.241921372
   0.241921372
   0.241921372
             0
  0.0469024989
             0
  0.0469024989
    1.66555914
      20.89442
    1.67531009
    2.30912143
             0
    1.03174781
   0.446691189
    1.28527234
    1.46078933
             0
             0
  0.0469024989
    3.48898561
  0.0469024989
  0.0469024989
  0.0469024989
    1.48029122
  0.0469024989
    2.46513652
             0
  0.0469024989
  0.0469024989
  0.0469024989
  0.0469024989
  0.0469024989
  0.0469024989
             0
    1.23651762
  0.0469024989
    1.03174781
     5.8097102
  0.0469024989
  0.0469024989
  0.0469024989
    2.30912143
    1.87032896
    7.65263855
    15.9214388
    2.67965728
   0.261423259
    11.2604877
    2.26036671
             0
    2.78691766
  0.0469024989
    5.53668377
             0
  0.0469024989
  0.0469024989
  0.0469024989
    6.00472907
  0.0566534426
             0
  0.0469024989
  0.0469024989
  0.0566534426
  0.0469024989
             0
  0.0469024989
     5.2734083
             0
             0
             0
  0.0469024989
             0
  0.0469024989
    4.01553656
             0
    1.02199686
             0
    9.07627632
    4.86386866
   0.261423259
             0
  0.0469024989
             0
    5.29291018
             0
             0
  0.0469024989
             0
             0
    1.25601951
     4.9613781
    7.37961212
    9.68083483
    7.83790648
    6.56053286
    2.13360444
    1.28527234
             0
             0
  0.0469024989
    3.22571013
    15.7459218
             0
    6.35576304
  0.0566534426
             0
    7.51612534
   0.261423259
    1.47054027
    7.21384608
     18.134903
   0.456442132
    1.47054027
    20.7871596
             0
    10.5291669
    4.82486489
    2.27011765
    1.45103838
    9.32004991
             0
             0
    1.66555914
             0
   0.670962893
   0.261423259
    8.45221593
             0
             0
             0
  0.0469024989
             0
  0.0469024989
             0
             0
             0
             0
             0
             0
             0
             0
    7.09683476
   0.261423259
  0.0566534426
    3.12820069
     4.0447894
  0.0469024989
             0
             0
             0
             0
             0
  0.0469024989
             0
    5.39041962
  0.0469024989
             0
             0
  0.0469024989
             0
    6.47277436
    4.08379317
    5.14664603
  0.0566534426
  0.0566534426
             0
             0
             0
             0
             0
             0
             0
             0
             0
    1.89958179
             0
             0
             0
             0
             0
             0
             0
   0.846479878
    1.22676668
             0
             0
             0
             0
             0
             0
             0
             0
             0
    3.03069126
    6.38501587
  0.0469024989
             0
             0
             0
             0
             0
             0
             0
  0.0469024989
             0
             0
             0
             0
             0
             0
             0
             0
             0
             0
             0
             0
             0
    2.64065351
  0.0469024989
             0
     14.322284
             0
             0
             0
             0
             0
             0
             0
             0
             0
             0
             0
             0
             0
   0.661211949
  0.0469024989
             0
             0
             0
             0
             0
             0
             0
             0
             0
             0
             0
             0
             0
             0
             0
             0
             0
             0
             0
             0
             0
             0
             0
             0
             0
             0
             0
             0
             0
             0
             0
             0
             0
             0
             0
             0
             0
    30.3040806
  0.0469024989
     5.6536951
             0
             0
             0
             0
             0
             0
             0
             0
             0
             0
             0
             0
             0
             0
             0
             0
             0
             0
             0
     39.070179
    18.9442313
    1.46078933
   0.651461005
    1.77363874
             0
             0
             0
             0
             0
             0
             0
             0
    1.05562429
             0
             0
             0
             0
             0
             0
    6.26122908
             0
             0
             0
             0
             0
             0
    20.9805254
             0
             0
             0
             0
             0
             0
             0
             0
             0
             0
             0
             0
             0
             0
             0
             0
             0
             0
             0
             0
             0
             0
             0
             0
             0
             0
    8.41527244
             0
             0
             0
             0
             0
             0
             0
             0
             0
             0
             0
             0
             0
             0
             0
             0
             0
             0
             0
             0
             0
             0
             0
             0
             0
             0
             0
             0
             0
             0
             0
             0
             0
             0
             0
             0
             0
             0
             0
    3.38917126
             0
             0
             0
             0
             0
             0
    6.44073269
             0
             0
             0
             0
             0
             0
             0
             0
             0
             0
             0
             0
             0
             0
             0
    2.49165319
     1.2351279
             0
             0
             0
             0
             0
             0
             0
             0
             0
             0
             0
             0
             0
             0
    9.67179773
   0.158106221
             0
             0
   0.158106221
    2.85066042
             0
             0
             0
             0
             0
             0
             0
             0
     3.9276821
    5.54321462
             0
             0
             0
             0
   0.696617061
             0
             0
    1.05562429
    6.97924353
             0
             0
    3.74817849
    5.72271823
             0
             0
    2.13264597
             0
             0
             0
             0
             0
             0
             0
             0
             0
             0
             0
             0
             0
             0
             0
             0
             0
             0
             0
             0
    6.08172546
    1.05562429
             0
             0
             0
    3.56867487
             0
             0
    1.05562429
    8.77427966
             0
             0
             0
             0
             0
    10.3898122
             0
   0.337609834
             0
             0
             0
             0
             0
             0
             0
             0
             0
             0
             0
             0
             0
             0
             0
   0.517113448
   0.876120674
   0.876120674
    1.95314235
             0
             0
             0
             0
             0
             0
             0
             0
             0
             0
             0
    1.41463151
             0
             0
             0
    9.85130134
             0
             0
    4.28668933
    2.31214958
             0
    9.13328689
    1.05562429
             0
    6.97924353
    4.10718571
             0
             0
    4.46619294
             0
   0.696617061
    3.20966765
    1.05562429
             0
             0
             0
    4.82520017
             0
             0
             0
             0
             0
             0
             0
             0
             0
             0
             0
             0
             0
             0
             0
             0
             0
             0
             0
             0
    4.28668933
             0
    1.41463151
   0.337609834
             0
             0
             0
             0
             0
             0
             0
             0
             0
             0
             0
             0
             0
             0
             0
             0
             0
             0
             0
             0
             0
             0
             0
             0
             0
             0
             0
             0
             0
             0
             0
             0
             0
             0
    1.77363874
    2.85066042
             0
             0
             0
    3.20966765
    2.67115681
    2.67115681
             0
             0
             0
             0
             0
             0
             0
             0
             0
             0
             0
             0
             0
    1.95314235
             0
             0
             0
             0
             0
             0
             0
             0
             0
             0
    4.64569655
             0
             0
             0
             0
             0
             0
             0
             0
             0
             0
             0
   0.158106221
    5.00470378
             0
             0
             0
             0
             0
             0
             0
             0
             0
             0
             0
             0
   0.696617061
             0
    3.74817849
    1.41463151
             0
             0
             0
             0
   0.337609834
             0
             0
             0
             0
             0
             0
             0
             0
             0
             0
             0
             0
             0
             0
             0
             0
             0
             0
             0
             0
             0
             0
             0
             0
             0
             0
             0
             0
             0
             0
             0
             0
             0
             0
             0
             0
             0
    3.56867487
             0
             0
             0
             0
             0
             0
             0
             0
             0
    2.04289416
             0
             0
             0
             0
             0
             0
             0
             0
             0
             0
             0
             0
             0
    5.18420739
    12.6964336
             0
             0
             0
             0
             0
             0
             0
             0
             0
             0
             0
             0
             0
             0
             0
             0
             0
             0
             0
             0
             0
             0
             0
             0
    1.05562429
             0
             0
             0
             0
             0
             0
             0
             0
             0
             0
             0
             0
             0
             0
             0
             0
             0
             0
    2.67115681
             0
     3.6045756
             0
             0
             0
             0
    1.20820236
    15.0210054
    35.9690771
    10.9193478
             0
             0
             0
             0
             0
             0
    8.77427966
             0
             0
    2.31214958
    1.41463151
    14.6260975
    6.40483197
    3.29941945
             0
             0
             0
             0
             0
             0
             0
             0
             0
    1.87236573
             0
             0
             0
             0
             0
             0
             0
             0
             0
             0
             0
    1.86339055
    2.07879488
    7.03309461
    4.70852282
    21.6446887
             0
             0
   0.256833208
   0.355560196
             0
   0.786368868
     1.2351279
   0.526088628
             0
             0
             0
             0
             0
             0
    2.69808235
             0
             0
             0
             0
             0
             0
             0
             0
   0.337609834
   0.337609834
             0
    2.13264597
             0
             0
             0
             0
   0.158106221
             0
             0
             0
             0
             0
             0
             0
             0
             0
             0
             0
             0
             0
             0
             0
             0
             0
             0
             0
             0
             0
    1.05562429
             0
             0
             0
             0
             0
             0
             0
             0
             0
             0
             0
             0
             0
             0
             0
             0
             0
             0
             0
             0
             0
             0
             0
    3.59560042
    5.82144522
    0.55301417
             0
             0
             0
             0
             0
             0
             0
             0
    1.50438332
             0
   0.938946939
     6.5304845
             0
             0
   0.597890074
    2.27624886
  0.0324536915
             0
             0
             0
             0
    14.1145122
             0
             0
             0
             0
             0
    3.52379897
             0
             0
             0
             0
             0
             0
             0
    1.56720959
             0
             0
             0
             0
             0
    5.71374305
    8.06524039
             0
             0
             0
    7.26644931
     16.492935
    2.90451151
             0
             0
    6.72793847
             0
    1.62106067
             0
             0
   0.768418506
             0
             0
             0
             0
             0
             0
             0
             0
   0.696617061
             0
    3.22761801
    6.70101293
    10.3449363
             0
             0
             0
             0
    2.47370283
    8.67555267
             0
             0
             0
             0
             0
             0
             0
             0
             0
             0
             0
             0
    1.95314235
   0.696617061
    7.06002015
    1.28897899
    7.46390328
             0
             0
    4.92392716
             0
   0.867145494
             0
             0
             0
             0
             0
             0
             0
             0
             0
             0
             0
             0
             0
             0
             0
             0
             0
             0
             0
             0
             0
             0
             0
    9.13328689
    1.90826645
     14.356842
    6.51253413
    2.96733777
    2.73398307
             0
             0
             0
             0
             0
             0
             0
             0
             0
             0
    4.91495197
             0
    10.6680428
             0
             0
             0
             0
             0
             0
             0
             0
             0
             0
             0
             0
             0
             0
             0
             0
             0
             0
             0
             0
             0
             0
             0
             0
             0
             0
             0
             0
             0
             0
             0
             0
             0
             0
             0
             0
             0
             0
             0
             0
             0
             0
             0
             0
             0
             0
             0
             0
             0
             0
             0
             0
             0
             0
             0
             0
             0
             0
             0
             0
             0
             0
             0
             0
             0
    7.15874714
             0
             0
             0
             0
             0
             0
             0
             0
             0
             0
             0
             0
             0
             0
             0
    33.0072675
             0
             0
             0
             0
             0
             0
             0
             0
             0
             0
             0
             0
             0
             0
             0
             0
             0
    13.9798844
             0
             0
             0
             0
             0
             0
             0
             0
             0
             0
    2.85066042
             0
             0
             0
             0
             0
             0
             0
             0
             0
             0
             0
             0
   0.696617061
             0
             0
             0
     1.2351279
             0
             0
             0
             0
             0
             0
   0.346585015
   0.929971758
             0
             0
             0
             0
    3.99050837
             0
             0
    3.98153319
             0
    2.26727368
    8.54092496
    5.85734594
             0
             0
             0
             0
             0
             0
             0
             0
    2.21342259
             0
    2.83271006
             0
             0
     20.415089
    7.20362305
    12.1758731
    5.69579269
    1.39668115
             0
             0
   0.256833208
             0
             0
             0
             0
             0
             0
             0
     17.435329
    16.9237437
    11.1886033
    5.53423944
             0
             0
             0
             0
             0
             0
    3.02118885
   0.265808389
             0
             0
             0
   0.292733931
    1.16332646
    19.2393403
             0
    2.29419922
    0.27478357
    3.96358282
             0
             0
             0
             0
             0
             0
             0
             0
             0
             0
             0
             0
             0
             0
             0
             0
             0
    8.95378328
             0
   0.535063809
             0
             0
             0
             0
             0
             0
             0
             0
             0
             0
             0
             0
             0
    2.08777006
    3.21864283
   0.840219952
    15.4787396
             0
             0
     3.3712209
    3.89178138
             0
             0
             0
             0
             0
             0
             0
             0
             0
             0
             0
    0.82226959
             0
             0
             0
             0
             0
             0
             0
    2.49165319
    1.37873079
    9.51024448
    1.92621681
             0
             0
             0
             0
             0
             0
             0
  0.0324536915
    0.55301417
    4.12513608
    5.93812257
    1.13640091
    2.78783416
             0
             0
             0
             0
             0
    4.66364692
             0
             0
             0
             0
             0
             0
             0
             0
             0
             0
             0
             0
             0
             0
             0
             0
   0.831244771
    5.52526426
    4.14308644
             0
   0.849195132
             0
  0.0145033302
             0
             0
             0
             0
             0
             0
             0
             0
             0
             0
             0
             0
             0
             0
    1.63003585
             0
             0
             0
             0
             0
             0
    2.57242982
             0
             0
             0
             0
             0
             0
 0.00552814951
             0
             0
             0
             0
             0
             0
             0
             0
             0
             0
             0
   0.732517784
    2.33907512
             0
             0
             0
             0
             0
             0
             0
             0
             0
             0
             0
             0
             0
             0
             0
             0
             0
             0
             0
             0
             0
             0
             0
             0
             0
             0
             0
             0
             0
             0
             0
             0
             0
             0
             0
             0
             0
             0
             0
             0
             0
             0
             0
             0
             0
             0
             0
             0
             0
             0
             0
             0
             0
             0
             0
    3.52379897
             0
             0
             0
             0
             0
             0
             0
             0
             0
             0
             0
             0
             0
             0
             0
             0
             0
             0
     6.3420057
   0.912021397
             0
             0
             0
             0
             0
             0
             0
             0
             0
    1.26205344
             0
             0
             0
             0
             0
             0
             0
             0
             0
             0
             0
             0
             0
             0
             0
             0
             0
   0.750468145
             0
             0
             0
             0
             0
             0
             0
             0
             0
             0
             0
             0
             0
             0
             0
             0
             0
             0
             0
             0
             0
             0
             0
             0
             0
             0
             0
             0
             0
             0
             0
             0
             0
    2.00699344
    6.96129317
   0.211957305
    3.18274211
   0.579939712
             0
             0
             0
   0.741492964
             0
    4.52901921
     12.866962
             0
             0
             0
             0
             0
    7.67033244
             0
             0
             0
             0
    1.14537609
    4.29566451
             0
             0
             0
    7.43697774
             0
   0.185031763
             0
             0
             0
             0
             0
             0
             0
             0
             0
             0
    1.53130886
             0
             0
             0
             0
             0
             0
             0
    1.84544019
             0
             0
    1.18127682
    2.49165319
             0
   0.633790796
             0
             0
             0
             0
             0
             0
             0
             0
             0
             0
             0
             0
             0
             0
             0
             0
   0.382485738
             0
             0
             0
             0
             0
             0
             0
             0
             0
             0
             0
             0
   0.912021397
             0
             0
             0
             0
             0
             0
             0
             0
             0
             0
             0
             0
             0
             0
             0
             0
    2.21342259
             0
             0
             0
             0
             0
             0
             0
             0
             0
             0
             0
             0
             0
             0
             0
             0
             0
             0
             0
             0
             0
             0
             0
             0
             0
             0
             0
             0
             0
             0
             0
             0
             0
             0
             0
             0
             0
             0
             0
             0
             0
             0
             0
             0
             0
             0
             0
             0
             0
             0
             0
             0
             0
             0
             0
             0
             0
             0
             0
             0
    4.24181342
             0
    1.12742573
    2.22239777
    10.2103086
    2.79680934
             0
             0
   0.606865254
             0
   0.382485738
             0
    3.03913922
             0
             0
             0
    0.41838646
   0.229907666
    1.13640091
             0
             0
             0
             0
    9.73462399
    2.74295825
    3.56867487
    7.74213389
    3.31736982
             0
             0
             0
    8.74735412
    2.78783416
    2.37497585
             0
             0
    7.04206979
             0
             0
             0
             0
             0
             0
             0
             0
             0
    1.48643296
  0.0145033302
    5.10343077
             0
             0
             0
             0
             0
             0
             0
             0
             0
             0
             0
             0
    4.43029222
             0
             0
             0
             0
             0
             0
             0
             0
             0
             0
             0
             0
             0
             0
             0
             0
             0
             0
             0
             0
             0
             0
             0
             0
             0
             0
             0
             0
             0
             0
             0
             0
             0
             0
             0
             0
             0
             0
             0
             0
             0
             0
             0
             0
             0
             0
             0
             0
             0
             0
             0
             0
             0
     4.7623739
    4.78032426
             0
             0
             0
             0
             0
             0
             0
             0
             0
             0
             0
             0
             0
             0
             0
             0
             0
             0
    4.09821053
             0
             0
             0
             0
             0
             0
             0
             0
             0
             0
             0
             0
             0
             0
             0
             0
             0
             0
             0
             0
             0
             0
             0
    26.7695169
             0
             0
             0
             0
             0
             0
             0
             0
             0
             0
             0
             0
             0
             0
    2.86861078
             0
    15.1556331
             0
             0
             0
             0
             0
             0
             0
             0
             0
             0
             0
             0
             0
             0
             0
    2.75193343
             0
             0
    1.49540814
             0
             0
    18.0187157
    26.8772191
             0
             0
             0
             0
             0
   0.929971758
     3.0929903
    12.2835753
             0
             0
             0
    12.0950965
             0
   0.211957305
             0
    1.10050019
    4.89700161
             0
             0
  0.0145033302
    6.21635317
             0
   0.750468145
             0
             0
             0
             0
             0
    1.26205344
   0.714567422
             0
             0
             0
             0
             0
             0
    3.25454355
    11.0898763
             0
             0
             0
             0
    1.96211754
             0
             0
             0
             0
             0
             0
             0
             0
             0
             0
             0
             0
   0.570964532
    18.2700208
   0.579939712
    1.16332646
             0
             0
             0
   0.220932486
   0.382485738
             0
             0
             0
    2.24932332
             0
             0
             0
   0.400436099
             0
    1.30692935
             0
             0
             0
             0
             0
             0
             0
             0
   0.176056582
             0
             0
    4.38541632
             0
             0
             0
    1.16332646
   0.759443326
    6.08172546
    13.6926787
    1.50438332
             0
    9.40254231
    1.11845055
             0
    1.60311031
             0
    4.13411126
             0
             0
             0
             0
    4.56491993
             0
             0
             0
             0
             0
             0
             0
             0
    3.89178138
             0
             0
             0
             0
             0
             0
    2.73398307
             0
             0
             0
    7.39210184
    3.51482379
             0
             0
             0
             0
    3.90973174
             0
             0
             0
             0
             0
   0.194006944
     3.6045756
     5.8304204
    7.94856304
    6.25225389
    5.07650523
     1.0017732
   0.220932486
             0
             0
             0
    2.00699344
    13.5311254
             0
    4.88802643
             0
             0
    5.95607293
             0
   0.391460918
    5.67784233
    15.7300447
             0
   0.391460918
    18.1712938
             0
    8.72940376
    3.47892307
    1.12742573
   0.373510557
    7.61648136
             0
             0
   0.570964532
             0
             0
             0
    6.81769028
             0
             0
             0
             0
             0
             0
             0
             0
             0
             0
             0
             0
             0
             0
    5.57014016
             0
             0
    1.91724163
    2.76090861
             0
             0
             0
             0
             0
             0
             0
             0
    3.99948355
             0
             0
             0
             0
             0
     4.9957286
    2.79680934
    3.77510403
             0
             0
             0
             0
             0
             0
             0
             0
             0
             0
             0
   0.786368868
             0
             0
             0
             0
             0
             0
             0
             0
   0.167081402
             0
             0
             0
             0
             0
             0
             0
             0
             0
    1.82748983
    4.91495197
             0
             0
             0
             0
             0
             0
             0
             0
             0
             0
             0
             0
             0
             0
             0
             0
             0
             0
             0
             0
             0
             0
     1.4684826
             0
             0
     12.220749
             0
             0
             0
             0
             0
             0
             0
             0
             0
             0
             0
             0
             0
             0
             0
             0
             0
             0
             0
             0
             0
             0
             0
             0
             0
             0
             0
             0
             0
             0
             0
             0
             0
             0
             0
             0
             0
             0
             0
             0
             0
             0
             0
             0
             0
             0
             0
             0
             0
             0
             0
             0
    26.9310702
             0
    4.24181342
             0
             0
             0
             0
             0
             0
             0
             0
             0
             0
             0
             0
             0
             0
             0
             0
             0
             0
             0
    34.9997576
    16.4749847
   0.382485738
             0
    1.17321436
             0
             0
             0
             0
             0
             0
             0
             0
   0.470017813
             0
             0
             0
             0
             0
             0
    5.56819279
             0
             0
             0
             0
             0
             0
     19.983722
             0
             0
             0
             0
             0
             0
             0
             0
             0
             0
             0
             0
             0
             0
             0
             0
             0
             0
             0
             0
             0
             0
             0
             0
             0
             0
    7.67778244
             0
             0
             0
             0
             0
             0
             0
             0
             0
             0
             0
             0
             0
             0
             0
             0
             0
             0
             0
             0
             0
             0
             0
             0
             0
             0
             0
             0
             0
             0
             0
             0
             0
             0
             0
             0
             0
             0
             0
     2.7554066
             0
             0
             0
             0
             0
             0
    5.74399193
             0
             0
             0
             0
             0
             0
             0
             0
             0
             0
             0
             0
             0
             0
             0
    1.87641091
   0.645816951
             0
             0
             0
             0
             0
             0
             0
             0
             0
             0
             0
             0
             0
             0
     8.9083764
             0
             0
             0
             0
    2.22800918
             0
             0
             0
             0
             0
             0
             0
             0
    3.28280401
    4.86499624
             0
             0
             0
             0
   0.118419539
             0
             0
   0.470017813
    6.27138934
             0
             0
    3.10700487
    5.04079538
             0
             0
    1.52481264
             0
             0
             0
             0
             0
             0
             0
             0
             0
             0
             0
             0
             0
             0
             0
             0
             0
             0
             0
             0
    5.39239365
   0.470017813
             0
             0
             0
    2.93120573
             0
             0
   0.470017813
    8.02938071
             0
             0
             0
             0
             0
    9.61157294
             0
             0
             0
             0
             0
             0
             0
             0
             0
             0
             0
             0
             0
             0
             0
             0
             0
             0
   0.294218676
   0.294218676
     1.3490135
             0
             0
             0
             0
             0
             0
             0
             0
             0
             0
             0
   0.821616088
             0
             0
             0
    9.08417553
             0
             0
    3.63440228
    1.70061177
             0
    8.38097898
   0.470017813
             0
    6.27138934
    3.45860314
             0
             0
    3.81020142
             0
   0.118419539
    2.57960746
   0.470017813
             0
             0
             0
    4.16179969
             0
             0
             0
             0
             0
             0
             0
             0
             0
             0
             0
             0
             0
             0
             0
             0
             0
             0
             0
             0
    3.63440228
             0
   0.821616088
             0
             0
             0
             0
             0
             0
             0
             0
             0
             0
             0
             0
             0
             0
             0
             0
             0
             0
             0
             0
             0
             0
             0
             0
             0
             0
             0
             0
             0
             0
             0
             0
             0
             0
             0
    1.17321436
    2.22800918
             0
             0
             0
    2.57960746
    2.05221005
    2.05221005
             0
             0
             0
             0
             0
             0
             0
             0
             0
             0
             0
             0
             0
     1.3490135
             0
             0
             0
             0
             0
             0
             0
             0
             0
             0
    3.98600056
             0
             0
             0
             0
             0
             0
             0
             0
             0
             0
             0
             0
    4.33759883
             0
             0
             0
             0
             0
             0
             0
             0
             0
             0
             0
             0
   0.118419539
             0
    3.10700487
   0.821616088
             0
             0
             0
             0
             0
             0
             0
             0
             0
             0
             0
             0
             0
             0
             0
             0
             0
             0
             0
             0
             0
             0
             0
             0
             0
             0
             0
             0
             0
             0
             0
             0
             0
             0
             0
             0
             0
             0
             0
             0
             0
             0
    2.93120573
             0
             0
             0
             0
             0
             0
             0
             0
             0
    1.43691307
             0
             0
             0
             0
             0
             0
             0
             0
             0
             0
             0
             0
             0
    4.51339797
    11.8705919
             0
             0
             0
             0
             0
             0
             0
             0
             0
             0
             0
             0
             0
             0
             0
             0
             0
             0
             0
             0
             0
             0
             0
             0
   0.470017813
             0
             0
             0
             0
             0
             0
             0
             0
             0
             0
             0
             0
             0
             0
             0
             0
             0
             0
    2.05221005
             0
    2.96636556
             0
             0
             0
             0
    0.61944708
    14.1471907
      34.66295
    10.1301804
             0
             0
             0
             0
             0
             0
    8.02938071
             0
             0
    1.70061177
   0.821616088
    13.7604326
     5.7088321
    2.66750703
             0
             0
             0
             0
             0
             0
             0
             0
             0
    1.26990389
             0
             0
             0
             0
             0
             0
             0
             0
             0
             0
             0
    1.26111393
     1.4720729
    6.32412908
    4.04753025
    20.6341788
             0
             0
             0
             0
             0
   0.206319108
   0.645816951
             0
             0
             0
             0
             0
             0
             0
    2.07857992
             0
             0
             0
             0
             0
             0
             0
             0
             0
             0
             0
    1.52481264
             0
             0
             0
             0
             0
             0
             0
             0
             0
             0
             0
             0
             0
             0
             0
             0
             0
             0
             0
             0
             0
             0
             0
             0
             0
             0
   0.470017813
             0
             0
             0
             0
             0
             0
             0
             0
             0
             0
             0
             0
             0
             0
             0
             0
             0
             0
             0
             0
             0
             0
             0
     2.9575756
     5.1374849
             0
             0
             0
             0
             0
             0
             0
             0
             0
   0.909515656
             0
   0.355748374
     5.8318915
             0
             0
  0.0217300137
    1.66545195
             0
             0
             0
             0
             0
     13.259405
             0
             0
             0
             0
             0
    2.88725595
             0
             0
             0
             0
             0
             0
             0
   0.971045354
             0
             0
             0
             0
             0
    5.03200542
    7.33497412
             0
             0
             0
    6.55266796
    15.5887436
    2.28074893
             0
             0
    6.02527055
             0
     1.0237851
             0
             0
   0.188739194
             0
             0
             0
             0
             0
             0
             0
             0
   0.118419539
             0
    2.59718737
    5.99890068
    9.56762316
             0
             0
             0
             0
      1.858831
    7.93269118
             0
             0
             0
             0
             0
             0
             0
             0
             0
             0
             0
             0
     1.3490135
   0.118419539
    6.35049895
   0.698556692
    6.74604701
             0
             0
    4.25848922
             0
   0.285428719
             0
             0
             0
             0
             0
             0
             0
             0
             0
             0
             0
             0
             0
             0
             0
             0
             0
             0
             0
             0
             0
             0
             0
    8.38097898
    1.30506371
    13.4967339
    5.81431158
    2.34227862
    2.11373975
             0
             0
             0
             0
             0
             0
             0
             0
             0
             0
    4.24969926
             0
    9.88406161
             0
             0
             0
             0
             0
             0
             0
             0
             0
             0
             0
             0
             0
             0
             0
             0
             0
             0
             0
             0
             0
             0
             0
             0
             0
             0
             0
             0
             0
             0
             0
             0
             0
             0
             0
             0
             0
             0
             0
             0
             0
             0
             0
             0
             0
             0
             0
             0
             0
             0
             0
             0
             0
             0
             0
             0
             0
             0
             0
             0
             0
             0
             0
             0
             0
    6.44718848
             0
             0
             0
             0
             0
             0
             0
             0
             0
             0
             0
             0
             0
             0
             0
    31.7622642
             0
             0
             0
             0
             0
             0
             0
             0
             0
             0
             0
             0
             0
             0
             0
             0
             0
    13.1275557
             0
             0
             0
             0
             0
             0
             0
             0
             0
             0
    2.22800918
             0
             0
             0
             0
             0
             0
             0
             0
             0
             0
             0
             0
   0.118419539
             0
             0
             0
   0.645816951
             0
             0
             0
             0
             0
             0
             0
   0.346958417
             0
             0
             0
             0
    3.34433371
             0
             0
    3.33554375
             0
    1.65666199
    7.80084183
    5.17264473
             0
             0
             0
             0
             0
             0
             0
             0
    1.60392225
             0
    2.21042927
             0
             0
    19.4299548
    6.49113826
    11.3607744
    5.01442551
   0.804036174
             0
             0
             0
             0
             0
             0
             0
             0
             0
             0
    16.5116891
    16.0106615
    10.3938791
    4.85620628
             0
             0
             0
             0
             0
             0
    2.39501837
             0
             0
             0
             0
             0
   0.575497296
    18.2784704
             0
    1.68303186
             0
    3.31796383
             0
             0
             0
             0
             0
             0
             0
             0
             0
             0
             0
             0
             0
             0
             0
             0
             0
    8.20517985
             0
             0
             0
             0
             0
             0
             0
             0
             0
             0
             0
             0
             0
             0
             0
    1.48086285
    2.58839742
   0.259058849
    14.5954785
             0
             0
    2.73782668
    3.24764418
             0
             0
             0
             0
             0
             0
             0
             0
             0
             0
             0
   0.241478935
             0
             0
             0
             0
             0
             0
             0
    1.87641091
    0.78645626
    8.75015717
    1.32264363
             0
             0
             0
             0
             0
             0
             0
             0
             0
    3.47618306
    5.25175434
   0.549127425
    2.16647949
             0
             0
             0
             0
             0
    4.00358047
             0
             0
             0
             0
             0
             0
             0
             0
             0
             0
             0
             0
             0
             0
             0
             0
   0.250268892
    4.84741633
    3.49376297
             0
   0.267848806
             0
             0
             0
             0
             0
             0
             0
             0
             0
             0
             0
             0
             0
             0
             0
             0
    1.03257505
             0
             0
             0
             0
             0
             0
    1.95552052
             0
             0
             0
             0
             0
             0
             0
             0
             0
             0
             0
             0
             0
             0
             0
             0
             0
             0
   0.153579367
    1.72698164
             0
             0
             0
             0
             0
             0
             0
             0
             0
             0
             0
             0
             0
             0
             0
             0
             0
             0
             0
             0
             0
             0
             0
             0
             0
             0
             0
             0
             0
             0
             0
             0
             0
             0
             0
             0
             0
             0
             0
             0
             0
             0
             0
             0
             0
             0
             0
             0
             0
             0
             0
             0
             0
             0
             0
    2.88725595
             0
             0
             0
             0
             0
             0
             0
             0
             0
             0
             0
             0
             0
             0
             0
             0
             0
             0
     5.6473024
   0.329378504
             0
             0
             0
             0
             0
             0
             0
             0
             0
   0.672186821
             0
             0
             0
             0
             0
             0
             0
             0
             0
             0
             0
             0
             0
             0
             0
             0
             0
    0.17115928
             0
             0
             0
             0
             0
             0
             0
             0
             0
             0
             0
             0
             0
             0
             0
             0
             0
             0
             0
             0
             0
             0
             0
             0
             0
             0
             0
             0
             0
             0
             0
             0
             0
    1.40175324
    6.25380943
             0
    2.55323759
 0.00415009998
             0
             0
             0
   0.162369323
             0
    3.87173112
     12.037601
             0
             0
             0
             0
             0
    6.94821602
             0
             0
             0
             0
   0.557917382
    3.64319224
             0
             0
             0
    6.71967714
             0
             0
             0
             0
             0
             0
             0
             0
             0
             0
             0
             0
   0.935885527
             0
             0
             0
             0
             0
             0
             0
    1.24353402
             0
             0
   0.593077209
    1.87641091
             0
  0.0568898411
             0
             0
             0
             0
             0
             0
             0
             0
             0
             0
             0
             0
             0
             0
             0
             0
             0
             0
             0
             0
             0
             0
             0
             0
             0
             0
             0
             0
             0
   0.329378504
             0
             0
             0
             0
             0
             0
             0
             0
             0
             0
             0
             0
             0
             0
             0
             0
    1.60392225
             0
             0
             0
             0
             0
             0
             0
             0
             0
             0
             0
             0
             0
             0
             0
             0
             0
             0
             0
             0
             0
             0
             0
             0
             0
             0
             0
             0
             0
             0
             0
             0
             0
             0
             0
             0
             0
             0
             0
             0
             0
             0
             0
             0
             0
             0
             0
             0
             0
             0
             0
             0
             0
             0
             0
             0
             0
             0
             0
             0
     3.5904525
             0
   0.540337468
     1.6127122
    9.43577381
    2.17526944
             0
             0
  0.0305199706
             0
             0
             0
    2.41259828
             0
             0
             0
             0
             0
   0.549127425
             0
             0
             0
             0
    8.96990609
     2.1225297
    2.93120573
    7.01853567
    2.68508694
             0
             0
             0
    8.00301084
    2.16647949
    1.76214147
             0
             0
    6.33291904
             0
             0
             0
             0
             0
             0
             0
             0
             0
   0.891935743
             0
    4.43428836
             0
             0
             0
             0
             0
             0
             0
             0
             0
             0
             0
             0
    3.77504159
             0
             0
             0
             0
             0
             0
             0
             0
             0
             0
             0
             0
             0
             0
             0
             0
             0
             0
             0
             0
             0
             0
             0
             0
             0
             0
             0
             0
             0
             0
             0
             0
             0
             0
             0
             0
             0
             0
             0
             0
             0
             0
             0
             0
             0
             0
             0
             0
             0
             0
             0
             0
             0
       4.10027
    4.11784991
             0
             0
             0
             0
             0
             0
             0
             0
             0
             0
             0
             0
             0
             0
             0
             0
             0
             0
    3.44981319
             0
             0
             0
             0
             0
             0
             0
             0
             0
             0
             0
             0
             0
             0
             0
             0
             0
             0
             0
             0
             0
             0
             0
    25.6532442
             0
             0
             0
             0
             0
             0
             0
             0
             0
             0
             0
             0
             0
             0
     2.2455891
             0
      14.27904
             0
             0
             0
             0
             0
             0
             0
             0
             0
             0
             0
             0
             0
             0
             0
    2.13131966
             0
             0
   0.900725699
             0
             0
    17.0830363
    25.7587237
             0
             0
             0
             0
             0
   0.346958417
    2.46533802
    11.4662538
             0
             0
             0
    11.2816647
             0
             0
             0
   0.513967598
    4.23211935
             0
             0
             0
    5.52424301
             0
    0.17115928
             0
             0
             0
             0
             0
   0.672186821
   0.135999453
             0
             0
             0
             0
             0
             0
    2.62355724
    10.2971896
             0
             0
             0
             0
    1.35780346
             0
             0
             0
             0
             0
             0
             0
             0
             0
             0
             0
             0
             0
    17.3291551
 0.00415009998
   0.575497296
             0
             0
             0
             0
             0
             0
             0
             0
    1.63908208
             0
             0
             0
             0
             0
   0.716136605
             0
             0
             0
             0
             0
             0
             0
             0
             0
             0
             0
    3.73109181
             0
             0
             0
   0.575497296
   0.179949237
    5.39239365
    12.8462771
   0.909515656
             0
    8.64467769
   0.531547511
             0
    1.00620518
             0
    3.48497302
             0
             0
             0
             0
    3.90689094
             0
             0
             0
             0
             0
             0
             0
             0
    3.24764418
             0
             0
             0
             0
             0
             0
    2.11373975
             0
             0
             0
    6.67572735
    2.87846599
             0
             0
             0
             0
    3.26522409
             0
             0
             0
             0
             0
             0
    2.96636556
    5.14627486
    7.22070468
    5.55940283
    4.40791849
   0.417278072
             0
             0
             0
             0
    1.40175324
    12.6880578
             0
    4.22332939
             0
             0
    5.26933426
             0
             0
    4.99684559
    14.8415973
             0
             0
    17.2324655
             0
    7.98543093
    2.84330616
   0.540337468
             0
    6.89547628
             0
             0
             0
             0
             0
             0
    6.11317012
             0
             0
             0
             0
             0
             0
             0
             0
             0
             0
             0
             0
             0
             0
    4.89136611
             0
             0
    1.31385367
    2.14010962
             0
             0
             0
             0
             0
             0
             0
             0
    3.35312366
             0
             0
             0
             0
             0
    4.32880887
    2.17526944
    3.13337474
             0
             0
             0
             0
             0
             0
             0
             0
             0
             0
             0
   0.206319108
             0
             0
             0
             0
             0
             0
             0
             0
             0
             0
             0
             0
             0
             0
             0
             0
             0
             0
     1.2259541
    4.24969926
             0
             0
             0
             0
             0
             0
             0
             0
             0
             0
             0
             0
             0
             0
             0
             0
             0
             0
             0
             0
             0
             0
   0.874355829
             0
             0
    11.4047241
             0
             0
             0
             0
             0
             0
             0
             0
             0
             0
             0
             0
             0
             0
             0
             0
             0
             0
             0
             0
             0
             0
             0
             0
             0
             0
             0
             0
             0
             0
             0
             0
             0
             0
             0
             0
             0
             0
             0
             0
             0
             0
             0
             0
             0
             0
             0
             0
             0
             0
             0
             0
    25.8114634
             0
     3.5904525
             0
             0
             0
             0
             0
             0
             0
             0
             0
             0
             0
             0
             0
             0
             0
             0
             0
             0
             0
    33.7136346
    15.5711637
             0
             0
