#
           3.2
   0.899999999
    4.89999999
             0
             0
             0
             0
           0.2
           0.2
           2.4
           0.2
         2.075
        14.725
             0
             0
             0
           8.2
             0
             0
           0.2
             0
        2.6125
       18.2875
          24.6
           0.2
             0
             0
             0
             0
             0
             0
          3.65
         25.55
             0
             0
             0
             0
             0
             0
             0
             0
        3.4625
       24.2375
             0
             0
             0
             0
             0
             0
             0
          10.6
    2.89166667
    20.2416667
             0
             0
             0
             0
             0
             0
             0
             0
         3.625
        25.375
             0
             0
             0
             0
             0
             0
             0
             0
    3.57916667
    25.0541667
           0.4
             0
             0
             0
             0
             0
             0
             0
    3.04583333
    21.3208333
             0
             0
             0
             0
             0
             0
             0
             5
    2.69166667
    18.8416667
             0
             0
             0
           0.4
           8.4
             0
             0
             0
         1.725
        12.075
           0.2
             0
             0
             0
             0
             0
             0
             0
         2.025
        15.175
             4
           2.6
           0.2
             0
             0
             0
             0
             0
    1.15833333
    8.10833333
             0
             0
             0
             0
             0
             0
            12
           1.4
   0.379166666
    1.25416666
           1.4
           4.4
           0.2
             0
           0.2
             0
           0.2
           0.6
             0
             0
           5.6
           7.4
             0
             0
             0
           0.2
             2
             0
             0
           2.4
             9
             0
             0
           5.4
           7.6
             0
           0.2
           3.6
             0
             0
           0.2
           0.4
             0
           0.2
             0
           0.2
             0
             0
           0.2
           0.2
             0
           0.2
             0
           0.2
             0
           0.2
             0
             0
             8
           2.4
           0.6
           0.4
           0.2
           5.2
           0.8
           1.2
           2.4
            11
             0
           0.2
             0
           0.8
           0.2
          12.8
           0.2
           1.6
             0
           0.2
             0
             0
           0.2
             0
           0.2
             0
             0
           0.2
             0
             0
             0
             1
           0.2
           1.8
           2.2
           2.2
           3.4
             0
             0
             0
             0
             0
             0
           0.2
             0
             0
           0.2
             0
           2.8
             0
             0
             1
          12.2
             1
           0.6
             6
           3.8
           0.4
          11.4
           2.4
           0.4
             9
           5.8
             0
           0.4
           6.2
           0.8
             2
           4.8
           2.4
           0.2
             0
           0.4
           6.6
             0
           0.2
             0
           0.2
             0
           0.2
             0
             0
             0
             0
           0.2
             0
             0
           0.2
             0
             0
           0.2
             0
             0
             1
             6
             0
           2.8
           1.6
             0
             0
             0
           0.2
             0
             0
             0
             0
             0
           0.2
             0
             0
   0.350000001
    2.45000001
             0
             0
             0
             0
             0
             0
             0
             0
   0.533333334
    3.73333334
             0
             0
             0
             0
             0
             0
             0
           0.2
   0.641666667
    4.49166667
           3.2
           4.4
           0.2
             0
           0.2
           4.8
           4.2
           4.2
   0.683333334
    1.38333334
             0
             0
             0
             0
             0
             0
             1
           1.2
   0.991666668
    7.14166668
             0
           3.4
             0
             0
             0
             0
             0
             0
    1.49166667
    10.4416667
           0.2
             0
           6.4
             0
           0.2
             0
             0
             0
    1.00416667
    7.02916666
             0
             0
             0
             0
           1.4
           6.8
           0.2
             0
         1.075
    7.52499999
             0
             0
             0
             0
             0
             0
             0
           0.4
    3.20416667
    9.42916667
           5.4
           2.8
           0.2
             0
             0
             0
           1.6
             0
        1.3125
    7.78749999
           0.6
             0
             0
             0
             0
             0
             0
             0
    1.90833333
    13.3583333
             0
             0
             0
             0
             0
             0
             0
             0
    1.85833333
    13.0083333
             0
             0
             0
             0
             0
             0
             0
             0
    2.09166667
    14.6416667
             0
             0
             0
             0
           5.2
           0.8
             0
             0
    1.51666667
    10.6166667
             0
             0
             0
             0
           3.5
             0
             0
             0
    1.62083333
    11.3458333
             0
             0
          0.11
             0
             0
             0
             0
             0
    8.35416667
    24.8491667
             0
             0
             0
             0
             0
             0
             0
             0
    1.80416667
    12.6291667
             0
             0
             0
             0
             0
             0
             0
             0
        1.7625
       12.3375
             0
             0
             0
             0
           2.4
             0
             0
             0
        1.0375
    7.26249999
             0
           0.2
             0
             0
             0
             0
             0
          0.01
   0.875000001
    6.12500001
             0
             0
           0.2
           4.2
          0.17
          5.24
          0.01
          0.01
    1.08333333
    2.00333332
          2.57
         17.96
          41.3
         13.39
          0.22
          0.05
          0.01
          0.02
          0.02
           0.6
            11
           0.2
             0
           3.8
           2.8
         17.52
          8.36
           4.9
           0.2
          0.12
          0.68
          0.43
             0
          0.02
          0.11
          0.31
           0.3
          3.31
          0.11
           0.3
          0.03
             0
          0.37
             0
          0.05
             0
          0.05
          0.05
           0.3
           3.3
          3.54
          9.06
          6.47
         25.34
             0
           0.3
          1.51
          1.62
           0.2
           2.1
           2.6
          1.81
             0
          0.49
             0
          0.19
             0
             0
          4.23
             0
             0
             0
             0
             0
             0
             0
             0
           1.6
           1.6
           0.2
           3.6
           0.8
             0
           0.8
           0.6
           1.4
           0.2
             0
             0
           0.4
           0.2
           0.8
           0.8
             0
           0.2
             0
             0
             0
           0.2
             0
             0
           0.2
           0.2
             0
             0
             0
           0.8
           2.4
           0.4
           0.2
           0.4
           0.2
             0
           0.2
             0
             0
             0
             0
             0
             0
           0.2
             0
             0
             0
           0.2
             0
           0.2
             0
           0.2
           0.2
             1
          5.23
          7.71
          1.84
          0.33
          0.39
           0.2
           0.2
          0.09
             0
             0
             1
           2.9
          0.93
          2.27
           8.5
           0.2
           1.2
          1.89
          3.76
          1.26
           0.2
           0.2
             0
          0.07
         16.95
           0.2
             0
             0
             0
             0
          5.15
           0.6
          0.02
             0
             0
             0
           0.2
          0.22
          2.97
          0.47
             0
          0.03
          0.22
          0.08
          7.59
         10.21
             0
          0.14
          0.01
          9.32
          19.6
          4.46
   0.049166666
   0.204166662
          8.72
          0.51
          3.03
             0
           0.6
          2.08
             0
             0
         0.405
         2.635
             0
             0
             0
          0.08
             2
          1.01
          4.82
          8.69
    12.8083333
    1.19833332
          0.57
             0
          0.03
          3.98
         10.89
             0
             0
             0
   0.633333333
    4.43333333
             0
             0
             0
             0
             0
          0.19
             0
           3.4
    2.55416667
    12.9691667
          2.66
          9.54
          1.04
             0
          6.71
          0.62
          2.19
             0
   0.541666668
    3.80166668
             0
          0.02
             0
             0
             0
          0.65
             0
          0.69
        0.6375
        4.4725
             0
             0
             0
             0
             0
             0
             0
             0
    1.53333333
    10.7333333
          11.4
          3.35
         17.22
          8.48
          4.53
          4.27
             0
             0
   0.652500001
    4.28750001
             0
          0.02
             0
             0
             0
           0.3
           6.7
          0.95
    14.1891667
    7.55416666
          0.52
             0
             0
             0
          0.17
          0.01
             0
             0
    1.74583333
    12.2208333
             0
             0
             0
             0
             0
             0
             0
             0
    1.95833333
    13.7083333
             0
             0
             0
             0
             0
             0
             0
             0
    2.06666667
    14.4666667
             0
             0
             0
             0
             0
             0
             0
          0.01
    2.02916667
    14.2041667
             0
             0
             0
             0
          0.01
             0
             0
             0
    1.87083333
    13.0958333
             0
             0
             0
             0
             0
             0
             0
             0
    1.87083333
    13.0958333
             0
             0
             0
             0
           9.2
             0
             0
             0
   0.954166668
    6.87916668
           0.2
           0.2
             0
             0
             0
             0
             0
             0
        1.1125
    8.78749999
            38
             0
             0
             1
           0.2
             0
             0
             0
   0.425000001
    2.97500001
             0
             0
             0
          0.02
          0.06
          0.01
          0.02
          0.05
         16.95
          1.25
             0
             0
           0.6
             1
             1
           0.2
           0.2
             0
   0.162500001
    5.53750001
             0
             0
             0
             0
             0
             0
           0.2
             0
             0
             0
             0
             0
             2
           0.4
           0.2
             0
           2.6
           0.8
           0.2
             0
             0
             0
           0.2
          1.61
          2.26
             0
             0
             0
             0
          5.67
          0.31
          0.31
          5.66
             0
          3.75
         10.74
          7.75
          0.31
           0.6
             0
             0
             0
             0
          0.31
             0
          3.69
          0.93
          4.38
          1.22
           0.3
         23.97
          9.25
         14.79
          7.57
          2.78
             0
             0
          1.51
           0.6
             0
             0
             0
             0
             0
             0
         20.65
         20.08
         13.69
          7.39
           0.3
             0
             0
             0
             0
             0
          4.59
          1.52
             0
           0.3
          0.31
          1.55
          2.52
         22.66
          0.63
          3.78
          1.53
          5.64
             0
             0
             0
             0
             0
             0
          0.62
             0
           0.3
             0
             0
             0
             0
             0
             0
             0
          0.61
          11.2
          0.91
          1.82
             0
             0
             0
           0.3
             0
             0
             0
             0
             0
             0
             0
             0
             0
          3.55
          4.81
          2.16
         18.47
          0.62
             0
          4.98
          5.56
             0
             0
             0
             0
             0
             0
             0
             0
             0
             0
             0
          2.14
             0
             0
             0
             0
             0
             0
          1.21
             4
          2.76
         11.82
          3.37
          0.93
             0
   0.350000001
    2.45000001
             0
             0
             0
          1.26
          1.84
          5.82
          7.84
          2.49
    4.86333333
    3.73333334
             0
             0
             0
             0
          6.42
             0
             0
             0
   0.641666667
    4.49166667
             0
             0
             0
             0
             0
             0
             0
             0
   0.083333334
   0.583333338
           0.3
          2.15
          7.38
          5.84
             0
          2.17
             0
          1.24
    1.30166667
    6.94166668
           0.2
             0
             0
             0
             0
             0
             0
             0
    1.49166667
    10.4416667
             0
             0
          3.04
             0
             0
             0
             0
             0
    1.40416667
    11.1191667
           0.2
             0
          0.62
             0
             0
          0.21
          1.23
             0
         1.075
    7.52499999
          1.01
          1.03
             0
             0
             0
             0
             0
          0.41
    3.24416667
    12.2591667
             0
          0.81
             0
             0
             0
             0
             0
             0
        1.1125
    7.78749999
             0
             0
             0
             0
             0
             0
             0
             0
    1.90833333
    13.3583333
             0
             0
             0
             0
             0
             0
             0
             0
    1.85833333
    13.0083333
             0
             0
             0
             0
             0
             0
             0
             0
    2.09166667
    14.6416667
             0
             0
             0
             0
             0
             0
             0
             0
    1.51666667
    10.6166667
             0
             0
             0
             0
           0.2
          5.15
             0
             0
    1.62083333
    11.3458333
             0
             0
             0
             0
             0
             0
             0
             0
    1.35416667
    9.47916667
             0
             0
             0
             0
          8.29
          2.24
             0
             0
    1.80416667
    12.8391667
             0
             0
             0
             0
             0
          2.63
           0.2
             0
        2.1725
       12.3375
             0
             0
             0
             0
             0
             0
             0
             0
        1.0375
    7.26249999
             0
          1.21
             0
          2.06
             0
             0
             0
             0
   0.875000001
    6.12500001
             0
             0
             0
             0
             0
             0
             0
             0
   0.283333332
    1.98333332
             0
             0
             0
             0
             0
             0
             0
             0
             0
             0
             0
             0
             0
             0
             0
             0
             0
          3.46
          8.98
          1.46
          4.77
          1.87
           0.2
           0.2
             0
          2.05
          1.21
          6.27
         15.56
             0
          0.41
           0.2
             0
           0.4
          9.77
           0.6
          0.41
           0.2
             0
           2.5
          6.01
           0.2
             0
             0
          9.51
           0.8
          1.43
           0.4
             0
             0
           0.2
           0.2
           0.2
           0.2
           0.2
           0.2
             0
          2.93
           0.2
             0
             0
           0.2
             0
           0.4
             0
          3.28
             0
          0.83
          2.54
             4
          0.21
          1.93
          0.21
             0
           0.2
          0.21
             0
           0.2
             0
          0.21
             0
           0.2
             0
           0.2
             0
           0.2
           0.2
          0.42
          1.65
           0.4
             0
           0.4
             0
          0.41
             0
             0
             0
             0
           0.6
             0
           0.2
          2.24
           0.4
           0.2
             0
             0
           0.2
           0.2
             0
             0
           0.2
           0.2
          0.62
             0
           0.2
             0
             0
             0
          3.69
             0
             0
             0
             0
           0.2
           0.2
             0
             0
             0
             0
             0
             0
             0
           0.2
             0
             0
             0
           0.2
             0
             0
             0
             0
             0
             0
             0
             0
             0
             0
           0.2
           0.2
          1.21
          0.83
           0.2
             0
             0
             0
           0.2
             0
             0
             0
             0
             0
             0
             0
          1.04
          0.21
             0
           0.2
             0
             0
             0
             0
             0
             0
   0.029166666
   0.204166662
             0
             0
             0
          0.82
          5.95
             0
          2.48
           3.7
        12.975
         6.965
           0.2
          0.61
           1.9
          0.83
          1.65
          0.21
          4.61
          0.64
   0.058333332
   0.408333324
          1.69
          1.48
          2.49
          0.21
             0
          0.21
             0
         12.07
    4.91333333
    9.63333333
          9.85
          4.92
          0.42
          0.82
           0.2
         10.97
          4.33
          3.87
   0.754166666
    4.90916666
          9.07
             0
             0
             0
             0
             0
             0
             0
   0.541666668
    3.79166668
          2.88
          1.24
          6.91
             0
          0.41
             0
             0
             0
        0.6375
        4.4625
             0
             0
             0
             0
             0
          6.16
           0.2
             0
    1.53333333
    10.7333333
           0.2
             0
             0
             0
             0
             0
             0
             0
   0.612500001
    4.28750001
             0
             0
             0
          0.21
             0
             0
             0
             0
    1.07916667
    7.55416666
             0
             0
             0
             0
             0
             0
             0
             0
    1.74583333
    12.2208333
             0
             0
             0
             0
             0
             0
             0
             0
    1.95833333
    13.7083333
             0
             0
             0
             0
             0
             0
             0
             0
    2.89666667
    20.9966667
          6.55
             0
             0
             0
             0
             0
             0
             0
    2.02916667
    14.2041667
             0
             0
             0
             0
             0
             0
             0
             0
    1.87083333
    18.8858333
             0
             0
             0
             0
             0
             0
             0
             0
    1.87083333
    13.0958333
             0
             0
             0
             0
             0
             0
             0
             0
   0.954166668
    6.88916668
             0
             0
             0
         31.05
           0.2
             0
             0
             0
        1.1125
    7.78749999
             0
             0
             0
             0
             0
             0
             0
             0
         4.845
    2.97500001
         18.11
          0.41
             0
          0.41
             0
             0
             0
             0
             0
             0
             0
             0
             0
             0
   0.179166666
    1.66416666
          4.29
             0
           0.2
          2.89
             0
             0
          21.3
         31.17
             1
           0.2
             0
             0
           0.2
          2.26
          4.67
         14.91
          0.21
             0
             0
          14.7
             0
          1.46
          1.22
          2.45
          6.68
             0
           0.2
          1.24
          8.15
           0.2
          2.06
          0.41
             0
           0.2
           0.2
          0.61
          2.63
          2.02
          0.41
             0
             0
          0.62
           0.2
           0.2
          4.85
         13.58
          0.61
           0.2
           0.2
           0.2
          3.41
           0.2
             0
             0
          0.62
          0.21
           0.4
           0.4
           0.4
             0
           0.2
             0
           0.2
          1.86
         21.58
          1.87
          2.52
             0
          1.21
          0.61
          1.47
          1.65
             0
             0
           0.2
          3.73
           0.2
           0.2
           0.2
          1.67
           0.2
          2.68
             0
           0.2
           0.2
           0.2
           0.2
           0.2
           0.2
             0
          1.42
           0.2
          1.21
          6.11
           0.2
           0.2
           0.2
          2.52
          2.07
             8
         16.48
           2.9
          0.42
          11.7
          2.47
             0
          3.01
           0.2
          5.83
             0
           0.2
           0.2
           0.2
          6.31
          0.21
             0
           0.2
           0.2
          0.21
           0.2
             0
           0.2
          5.56
             0
             0
             0
           0.2
             0
           0.2
          4.27
             0
           1.2
             0
          9.46
          5.14
          0.42
             0
           0.2
             0
          5.58
             0
             0
           0.2
             0
             0
          1.44
          5.24
          7.72
         10.08
          8.19
          6.88
          2.34
          1.47
             0
             0
           0.2
          3.46
          16.3
   0.350000001
    9.12000001
          0.21
             0
          7.86
          0.42
          1.66
          7.55
         18.75
          0.62
    2.19333333
    25.2033333
             0
         10.95
           5.1
          2.48
          1.64
          9.71
             0
             0
    2.50166667
    4.49166667
          0.84
          0.42
          8.82
             0
             0
             0
           0.2
             0
   0.283333334
   0.583333338
             0
             0
             0
             0
             0
             0
             0
          7.43
    1.41166667
    7.15166668
          3.36
           4.3
           0.2
             0
             0
             0
             0
             0
    1.69166667
    10.4416667
          5.68
           0.2
             0
             0
           0.2
             0
          6.79
          4.34
    6.43416667
    7.23916666
          0.21
             0
             0
             0
             0
             0
             0
             0
         1.075
    7.52499999
           2.1
             0
             0
             0
             0
             0
             0
             0
    2.22416667
    9.83916667
             0
             0
             0
             0
             0
             0
             0
             0
        1.1125
       11.0475
           6.7
           0.2
             0
             0
             0
             0
             0
             0
    1.90833333
    13.5583333
             0
             0
             0
             0
             0
             0
             0
             0
    1.85833333
    13.0083333
             0
             0
             0
          2.86
           0.2
             0
         14.84
             0
    2.09166667
    14.6416667
             0
             0
             0
             0
             0
             0
             0
             0
    1.51666667
    10.6166667
          0.83
           0.2
             0
             0
             0
             0
             0
             0
    1.62083333
    11.3458333
             0
             0
             0
             0
             0
             0
             0
             0
    1.35416667
    9.02777778
             0
             0
             0
             0
             0
             0
             0
             0
    1.80416667
    12.6291667
             0
             0
             0
             0
             0
             0
             0
             0
        1.7625
       43.5675
           0.2
          5.95
             0
             0
             0
             0
             0
             0
        1.0375
    7.26249999
             0
             0
             0
             0
             0
             0
             0
             0
   0.875000001
    6.12500001
             0
         40.22
         19.58
          1.65
          0.82
