#
   0.911386551
    2.19103345
    2.42037205
    2.32577795
    2.23848896
    2.55963517
     2.4155206
     2.3628015
     1.8560873
    1.74871074
    1.75879357
    2.60862495
    3.16347876
    3.20700499
    2.32764846
    1.72997862
    2.29665051
    2.66858457
    3.40041746
    3.09623818
    2.92763046
     3.1263539
    2.57823699
    2.16537183
    2.48852066
    2.51328368
    3.00199942
    3.65063613
      3.114392
    2.96822194
    2.93025647
    2.80254399
     3.1386024
    2.82207584
    3.12431552
    3.07465934
    3.46723264
    3.56463494
     3.0798963
     3.2684331
    2.76418623
    2.84660796
    3.21697789
    2.98710282
    3.20005117
    3.21246787
    3.06522664
    3.16610163
    3.15132212
    2.61459278
    2.74456645
    3.49898072
    3.18261905
    3.08867505
    2.53030793
    3.15168863
    3.22107317
    3.22476205
    3.86340134
    3.02427617
    2.88521302
    3.61400478
    3.45996714
    3.24225382
    3.08295057
    3.12953948
    3.58226351
    3.06681588
    3.37185273
    3.13920646
    2.88568808
    2.63194399
    3.11629764
    3.76556468
    2.40359104
    3.56206978
    2.42635797
    2.71966031
    2.54760222
    3.13648583
    3.07560225
    2.65977207
    2.69096398
    2.45248725
    2.89805354
    3.23223147
    2.61034629
    2.81662875
    2.30730908
    2.45199557
    2.37023496
    2.30579526
    2.28206631
    2.45210324
    2.25808513
     1.7700651
    1.38706749
    1.60891911
    2.32729211
    2.01048177
    2.49217324
    1.93674739
     1.6943788
    2.42411994
    2.38734622
     2.4315727
     2.2898037
    2.19175329
     2.1882492
    2.05833667
    2.12289472
    1.91097349
    1.35109979
   0.961300216
    1.43613153
    1.88340758
    1.97695954
    2.12594817
    2.02871432
    1.70012262
    2.38178871
    2.00583844
    1.82352895
    1.78124792
    1.91670224
    2.13176514
    1.76753759
    2.21968018
    1.03699414
   0.816839268
    1.21447706
    2.31682739
    1.85080027
   0.847789412
    0.86240338
   0.935884859
    1.22601864
    1.11820942
    1.24440457
   0.945842177
   0.849421939
   0.969341508
   0.665489148
   0.671176238
    1.36893632
    1.55193863
    1.25431682
    1.47532428
    1.16505859
     1.0893982
    1.02117259
   0.956605628
   0.423467392
   0.370196718
   0.684907554
   0.615049444
   0.412839929
   0.447759942
   0.552157336
   0.591321035
   0.536893877
   0.690301495
    0.92257454
   0.642108701
   0.486127286
    0.97529083
   0.798290469
   0.849504405
   0.576700553
   0.538187072
    0.43952115
   0.347497208
   0.594223255
   0.690145506
     0.7812206
   0.874674404
   0.646396642
   0.737853864
   0.747826943
    0.71774389
   0.460845274
   0.266981202
    0.50309517
   0.484794067
   0.606898268
   0.495169434
   0.248621748
   0.532148613
   0.368645591
   0.281241718
   0.256217824
   0.427168384
   0.645545886
   0.512926634
   0.358729743
    0.26158581
   0.506392829
    0.40211299
   0.254621364
   0.528751324
   0.461591234
   0.633341308
   0.477243722
   0.546780266
   0.515908995
   0.657315013
   0.571907794
   0.530544082
    0.46437623
   0.705255102
   0.539092197
   0.345901157
   0.322649843
   0.374588071
   0.318052626
   0.410522766
   0.307761504
   0.385891854
   0.347899977
     0.4466535
   0.545467093
   0.560897143
   0.459094881
   0.332797707
   0.472686703
   0.585037971
   0.428020223
   0.248374752
   0.389166981
   0.334992621
   0.575602193
   0.578654393
   0.559953715
   0.620228698
    0.60989767
   0.417002576
   0.440575522
    1.21264974
   0.746054155
   0.721844988
   0.704783615
   0.386330794
   0.371223044
   0.804440959
   0.706216044
   0.937955207
   0.447310624
   0.446696831
   0.492881079
   0.557211441
   0.759941462
     1.1237744
   0.726834478
   0.647630103
   0.899544369
    1.11487341
    1.05002358
    1.09182502
    1.12983697
    1.11823105
    1.09800421
    1.13882298
     1.2018201
    1.00716734
    1.12128987
   0.901257196
    1.14948352
    1.39027897
    1.35227743
    1.28015539
    1.36011813
    1.59372661
    1.04782036
   0.767083187
   0.721026696
   0.934067852
    1.07677934
    1.31234842
    1.41320164
    1.96757299
    1.56289602
    1.55846973
    1.97613015
    1.53209683
    1.58089878
    1.63931334
    1.71729777
    1.28778042
    1.93842082
    1.93462903
    2.14345637
    2.04134863
    1.70115775
    2.00655163
     2.4093621
    2.33563113
    2.23450186
    2.65927392
    2.19813217
    1.98540943
    1.75398656
    1.76046717
    1.96613625
     2.0070309
     1.6440128
    1.98195426
    2.02531753
     2.0080818
    2.22619237
    1.60346522
    1.72071837
    2.50163746
    2.05374463
    1.55775802
    2.36370933
    2.49380235
    1.82257503
    1.53273448
    1.04947792
    1.11262423
    1.05782717
    1.21424142
    1.66950309
    1.81681386
    2.08817763
    2.83734827
    3.08376469
    2.34126676
    2.38803042
    2.10653796
     1.7442789
    1.97375284
    2.77848173
    1.86055785
    2.35806908
    3.22581041
    3.09893468
    3.12917165
    3.48383097
    3.33618489
    3.38097762
    3.56073602
    2.77783121
    2.47666496
    1.80835265
    1.28992642
    1.54437231
    2.34301493
    3.33822962
    2.58661775
    2.86135339
     3.0758195
    2.94338775
    3.04118077
     2.8458845
    3.48294429
    2.51498513
    1.76301377
    1.17238447
    2.42291305
     3.7692153
    4.19392633
    4.06154056
    3.67224259
    3.39048154
    3.44310055
    3.37455363
    3.22836754
    2.10354222
    1.64210231
    1.48366584
    1.84886091
    1.74151843
    2.75023753
    2.26104564
    3.46105375
    3.39077429
    3.52789295
    2.29149206
    1.28527762
    2.27879628
    1.46188158
    2.79037477
     3.0232469
    3.75682074
    4.52213531
    4.36329104
    3.08723132
    3.13019615
    3.23284249
    3.03337885
    3.10459662
    2.89518762
    2.56170959
    3.12666826
    3.32783281
    3.42047468
    3.54416556
    3.73895435
    3.34221283
    3.38219247
    3.56220232
    3.27887403
    3.61244651
    3.82596321
    3.48648085
    3.85625951
    3.53787501
    3.35255178
    3.97432262
    3.07731402
    3.97506998
     4.1917005
    3.23422453
    3.30007044
    3.24777048
    3.12249515
    2.90305228
    3.04824867
    3.56650912
    3.45205338
    3.65358608
    3.75123156
    3.33425766
    4.27884412
    3.19567704
    2.78798197
    3.06252803
    3.08236103
    2.89056239
    3.25619316
    3.02822509
    3.17605861
    2.82838694
    3.12126099
    3.64156061
    3.50960384
    3.48558218
    2.92525719
    3.11033735
     2.3856979
    2.52126774
     3.3060937
    3.20982756
    3.18899431
    3.07554013
    3.50346671
     3.1617206
    3.10712557
    3.08584738
    3.04001292
    2.90386289
    2.97294072
    2.94573364
    3.22960693
    3.72711679
    3.07686021
    2.81159801
    2.60524289
    2.96606429
    3.32705739
     2.8295962
    3.55006084
    2.70143583
    2.08211952
    2.49860372
    1.80146151
    2.39318579
   0.920690398
    1.27912359
    1.52087189
   0.905909257
    1.30691124
    1.04211828
    1.40760786
    1.47165602
      1.965086
    1.77116133
    1.71216534
    2.45675389
    2.52665594
    2.45144671
    1.80196848
    2.04258873
    2.16097832
    1.89689239
    0.75045698
    1.43025142
    1.54594445
    1.83866195
     1.6911717
    1.59269342
    1.44966199
   0.905659776
   0.985268337
   0.627640713
    1.19943518
    1.26874158
    1.70848376
    1.71464253
    1.61775794
    2.05185403
     2.1300084
     1.5325813
    1.30574648
     1.5874606
   0.529835948
   0.491392768
      1.145426
   0.563091597
   0.601674086
   0.405988032
   0.507895611
   0.874610875
   0.929804368
    1.06292825
   0.937320993
   0.779344349
   0.629777386
    1.38373934
    1.11359234
    1.28541285
    1.32996591
    0.46932769
    0.84319933
    1.94154035
   0.949237422
   0.689455661
   0.662664484
    0.96605635
    1.21998397
   0.976901204
   0.877508156
    1.00144351
   0.668240191
   0.514075983
   0.656717483
   0.655959187
   0.562639397
   0.669532685
   0.583260578
   0.476302019
   0.412963548
   0.418528206
    0.40115985
   0.476533165
   0.628853068
   0.772121648
   0.192633804
   0.616684187
   0.718635751
   0.556701314
   0.440464271
   0.414896566
   0.447383083
   0.452728824
   0.451262688
   0.435006316
   0.250617248
   0.236553241
   0.903223989
   0.656035652
   0.486822187
   0.234579493
   0.223704747
   0.384000046
    0.50639238
   0.576774246
   0.355039591
   0.306695325
   0.260543791
   0.449771285
   0.317684488
   0.290087312
   0.376268792
   0.402494092
   0.306833639
   0.509673978
   0.411339328
   0.493155374
   0.418252833
   0.289556479
    0.19372591
   0.371267924
   0.483704817
    0.63290205
    1.20058336
   0.674468923
   0.280196797
   0.244384507
   0.272413817
   0.292982204
   0.907971205
   0.404835703
   0.299757381
    0.24908696
   0.262918477
   0.603247362
   0.811046361
   0.573295599
   0.294574147
   0.417151718
   0.478056962
   0.856124008
    1.00667842
   0.965772393
   0.705930026
   0.678154602
    0.83340236
   0.602259719
   0.824689224
   0.610931093
   0.398216946
    0.39314482
    0.54087231
   0.507769741
   0.409221329
   0.749431855
   0.678965194
   0.461788743
   0.961595301
   0.867624352
   0.696818715
   0.687754459
   0.409292738
   0.419547067
   0.221402989
   0.486631451
   0.958797516
   0.905331333
   0.701939243
   0.659538963
   0.532877194
   0.937502791
   0.921239064
   0.989729028
    1.15628559
    1.09707829
    1.15817189
    1.00673958
   0.639837231
   0.857623217
   0.378618086
   0.507367886
   0.281556156
     1.3162378
    1.48874731
    1.18733755
    1.16636489
   0.962830063
    1.06953283
    1.16973875
    1.07657653
    1.03822519
    1.41755608
    1.36807838
    1.04832007
   0.953166794
    1.09667048
    1.14555897
    1.16498623
   0.882731367
    1.34131027
    1.20035709
    1.33789547
    1.36692675
    1.01210549
    1.61728665
     1.0935874
    1.54947029
    1.32587319
    1.30750052
    1.35514792
    1.78334839
    1.71705793
    1.89488417
    2.17437495
    1.77768271
    2.21563201
     2.0005486
    2.40210723
    2.09869346
    1.11926324
    1.29173356
    1.57059169
   0.942678327
    1.25370084
    1.23471491
    1.38814814
   0.907319455
    1.51641349
     1.0530527
     1.6124363
    1.57180515
      1.891465
    1.78389649
    2.34851703
    2.54587305
    2.01634749
    2.13762684
    2.27926304
    2.91094876
    3.04985581
    2.39834929
    1.93678381
    1.39502999
    0.97570798
    1.68447094
    1.75034554
    1.34567649
    1.43910172
    1.03120815
   0.753652521
    1.87929581
    1.82100516
     2.0887829
    2.18368221
    3.08423287
    3.17051822
    2.93261451
    2.55079153
    2.34095446
    2.66034262
    1.57341476
    2.16789353
    1.86972032
    2.24209909
    2.36684577
    2.37181709
    2.59204597
    2.72666598
    2.96791175
     3.5389921
    2.95761559
    3.50839911
    2.67647052
    3.25612089
    2.63126679
    2.58816986
    1.75488012
    1.51524561
     1.7216798
    1.63525528
    2.02918302
    1.71650802
     2.1337024
    2.03671542
    2.04019231
    2.45734321
    2.53312297
    2.68130155
    2.70158556
    2.72675147
    3.20529833
    1.52677019
    2.68842653
    2.27879772
    2.86605346
    3.10350546
    3.09383081
    2.95777838
    2.51653418
    2.47813051
    3.10568322
    3.75967551
    3.19561498
    3.25599272
    3.98298981
    3.47056608
    3.58520907
    4.03921501
    4.02438825
     3.4913737
    3.27492117
    3.19156201
    3.27307095
    3.57579297
    3.49983865
    3.64477515
     4.1882671
    3.46672063
    3.15469329
     3.6781967
    3.43402482
    4.19466518
    4.39758611
    3.26180577
    3.48292972
     4.0051782
      3.348146
    3.72008763
    4.04166799
    3.45868674
    3.44756866
    3.72428457
    3.77663217
    3.50752266
    3.40286947
    3.09768955
    3.58601803
    4.41813747
    3.82921224
    3.25556849
    3.73475538
    2.97682738
    2.90774711
    3.13455519
    2.36253277
    3.15464691
    2.92962026
    2.95839347
    3.20504693
    3.66021156
    2.85765777
    3.06833247
     3.2782071
    4.48123524
    3.19345256
     2.8985093
    2.80076592
    3.01798733
    3.14203533
    1.21417978
    2.11555184
    2.13487862
    2.55540208
    3.06251564
      2.487684
    1.03369702
    1.97163998
    1.82157203
    2.17522113
    2.25870521
    2.99374649
    2.41944684
    2.54213882
    2.51582933
    1.35669387
   0.682650318
    1.49961536
    1.69817868
    1.10238243
    1.29346623
    1.63960702
    1.06499443
    1.62207355
    1.84174161
    1.79559653
    1.58349162
    1.57996066
    1.97295099
     1.3925811
    1.94344682
    1.81356951
    1.95900248
   0.567599283
    1.40201563
    1.46189019
   0.900267684
    1.24923534
     1.6349056
   0.632946817
   0.745404549
   0.625315414
    0.96555797
    1.09022744
    1.04605566
    1.14817391
    1.10506967
    1.25297471
    1.17119974
    1.09387446
    1.28405745
    1.16906304
   0.833354137
    1.00420696
   0.882385954
    1.27073162
    1.02252728
    1.12231981
    1.18004114
   0.407989289
   0.360254562
   0.379922622
   0.896514912
   0.732896168
   0.742787583
   0.840018046
   0.516959195
   0.899970738
    0.68545253
   0.289719245
   0.604586427
   0.939056374
   0.382654472
   0.258710222
   0.602057653
   0.562251593
    0.49243681
   0.460389773
   0.591341911
   0.440370608
   0.219011995
   0.653690474
   0.342904552
    0.31738968
   0.394093554
   0.423234833
   0.346031421
   0.536785628
   0.312703743
   0.503731202
    0.26533587
   0.297976858
   0.176653069
   0.408757084
   0.316188468
   0.234925001
    0.27417491
   0.453824798
   0.420469049
   0.467308784
   0.176250053
   0.373252071
   0.412111268
   0.290262095
   0.413060552
   0.743210414
   0.613211558
   0.467320549
   0.510578198
   0.320570027
   0.230593038
   0.443625833
   0.258539717
   0.231226504
   0.235014942
    0.32362992
   0.444257956
   0.423630358
    0.42525504
   0.293536348
   0.308232061
   0.317975825
   0.276919733
   0.257782507
   0.326563299
   0.256963842
   0.210508066
   0.261699798
   0.373882184
   0.402894208
   0.347170638
    0.21443066
   0.188224683
   0.275296539
   0.219068724
   0.270025916
   0.218039181
   0.195900195
   0.237225968
   0.288198994
   0.288606253
   0.265208918
   0.389940114
   0.750659412
     0.8480683
   0.738229684
   0.795429802
   0.563232615
   0.412739472
   0.240263971
   0.270586424
    0.25795238
   0.235749206
   0.492951906
   0.553159263
   0.587272513
   0.518501477
   0.593596815
   0.776559634
   0.760996485
   0.942198597
    1.02267415
   0.510725722
   0.815332588
    1.08698953
   0.548165633
   0.235215391
    0.37615832
   0.282726355
   0.244807374
    0.67513483
   0.497211249
   0.482756473
   0.408814798
   0.266437075
    1.01030743
   0.816207427
   0.872388602
   0.809827557
   0.978846813
    1.41951483
    1.25936561
   0.947620118
     0.8363299
   0.863360772
   0.524713364
   0.614711045
   0.903343657
    1.08275803
    1.02254988
    1.19724041
    1.67719917
    1.12445011
   0.506203436
   0.378194154
   0.377407909
    1.03150268
   0.787282772
   0.898220746
     1.0026339
    1.41050437
    1.72462854
    1.54179477
    1.51289954
   0.862936605
   0.848333895
    1.09502156
   0.786359679
   0.766531128
   0.351087104
    1.09141544
   0.924692433
    1.21571529
    2.02972408
    1.35778964
   0.436337399
   0.923405492
    1.74264824
    1.80380329
    2.24322288
    2.10746763
    2.18487338
    1.71406278
    1.90135914
    1.78711241
    1.64936529
    2.08716386
    2.50473283
    1.62372631
    1.49222406
    1.86325334
    1.11088109
   0.884832521
   0.896530323
   0.757843782
     1.0341699
    1.18982229
    1.47253631
    1.43537076
    1.93915645
    1.92778926
   0.934949134
   0.763060034
    1.18824426
    1.94135829
    2.09419311
    1.90468771
    1.98161631
    1.83859532
    1.55410648
    2.03337259
    2.22785699
    2.36621769
    2.89186087
    2.52043527
    2.17056632
    2.77165148
    3.15967994
    2.49342233
    1.01720097
    1.90790513
    1.53655711
    2.33933487
    2.39299719
     2.4209133
    2.30030829
    2.66409714
    2.42724927
    2.32872539
    1.06607134
     2.2502005
    2.45378724
    1.84700351
    2.57089476
    3.55909902
    3.12778636
    2.75812779
    2.47375366
    2.42814575
    1.55208482
    1.72437205
    2.48088155
    1.45535185
    2.25795489
    2.73187136
    3.42309958
    3.06538231
    2.95342887
    3.52548309
    2.93736214
    3.00814355
    3.25515015
    3.09712289
    3.66027174
    3.76345652
     3.5815213
    3.14270209
    3.44597755
    3.20000335
    3.15169521
    4.07692198
    3.63254506
    3.35724873
    3.03127512
    3.17484649
    3.78384324
    3.18718003
    3.00155138
    3.77812615
    3.62772979
    3.28729694
     2.6588337
    2.73610317
    2.97748872
    3.22871738
    2.73951005
    3.20172539
    2.77541963
    3.42000146
    3.79273118
    3.49593404
    3.17675721
    3.36638402
     3.6017735
    3.30486301
    3.58334468
    3.26562068
    3.38779541
    3.21489077
    3.23502371
    3.83200341
    3.05971148
    3.92998773
     3.1325446
    3.07598342
    2.66317627
    1.78215547
     2.6705369
    3.52498044
    3.35985338
    2.27370488
    3.50064974
    3.15943958
    3.61217507
    2.91772311
    3.13906589
    2.84812084
    3.73353831
    3.32128599
    2.58377828
    3.39776278
    3.19207034
    3.21431083
    2.97503693
    3.01934838
    1.14715718
    1.26413966
     2.1865021
    2.61400542
    2.85812598
    2.74818987
     2.4244623
    2.88201178
    2.62541247
    3.07238102
    2.02548935
    1.01293128
    1.23446156
    1.36474692
    1.95718304
    1.87819179
    2.45410868
    2.60386025
    2.33943352
    3.15482765
    2.88790126
    1.97957485
    2.01796074
    2.44000282
    2.15088444
     2.5064042
    1.90927176
    2.21750185
    2.21926043
     2.3324246
    2.17394183
    2.42542174
    2.14188595
     2.4821884
    1.71688983
     1.6586333
     1.8638199
    1.56372329
    1.99886657
     2.2281305
    1.89815307
    2.08545404
    2.06905644
    1.89700055
    2.15338312
    1.88461294
    2.50509646
    1.97844656
    1.92114462
    1.94966656
    1.52245988
    1.77198374
    1.72534617
    1.79159372
       1.72022
    1.65942069
    1.29783717
    1.55355324
    1.69375147
    1.30387161
    1.84007229
    1.14335615
    1.53518689
   0.974442251
   0.887449518
   0.594456155
   0.571483299
    0.76800706
   0.940590464
   0.578565931
   0.715072187
    1.01362729
   0.509602208
   0.295367049
   0.422406689
   0.436797065
    0.70369216
   0.804307466
   0.739100525
   0.611428786
   0.294416911
   0.535857684
   0.751995735
   0.992405094
    1.23390163
   0.631383992
   0.255136451
   0.427750569
     0.5898494
   0.611188169
   0.215727665
   0.396473021
   0.230819157
   0.372273717
   0.650140694
   0.346799843
    0.51304964
   0.394857513
   0.256659225
   0.305020769
   0.377914211
    0.34240974
   0.444033486
   0.448873653
   0.355399747
   0.293451916
   0.397201836
   0.347632078
   0.458152389
   0.233144106
   0.262075001
   0.186568395
   0.195736735
   0.282593393
     0.2493993
   0.243286985
   0.393528704
   0.239688855
    0.44330688
   0.293474464
   0.415075096
   0.271133961
   0.294152844
    0.18387007
   0.241813924
   0.521639358
   0.508946852
   0.381307532
   0.419448145
    0.48062181
   0.479234526
   0.377514431
   0.449370166
   0.197662548
   0.315145474
   0.246445681
   0.449711383
   0.307260156
   0.425954812
   0.410133095
   0.228140262
   0.266286653
   0.199536595
   0.267184696
   0.240996062
   0.590875013
   0.640944154
   0.370926127
   0.285432097
   0.514486323
   0.602286898
   0.628967171
   0.387269561
   0.647925943
   0.304304721
   0.519592009
   0.818329221
   0.609961525
   0.400349207
   0.641296824
   0.916481829
    0.95904228
    0.72596128
    1.15184587
   0.416945896
    1.15752092
    1.06157834
    1.17724287
    1.07444583
    1.18988102
     1.0265303
    1.03133365
   0.993381245
   0.957236829
    1.55617052
    1.44886707
    1.15250651
    1.09868257
    1.14299985
    1.19680718
     1.1621565
    1.22158904
    1.16390917
    1.36598992
    1.25641515
    1.45895787
     1.5986699
    1.18892375
     1.6112074
    1.33995612
    1.41643807
    1.34644155
    1.48429532
    1.18596995
    1.50536594
   0.955747345
   0.705168212
    1.45194478
    1.30537143
     1.2768911
    1.75647375
    2.01054999
    2.20114129
    1.92568291
    1.57996477
    1.47378802
    1.89471913
     1.8521915
    1.36943236
   0.988351333
    1.83695748
    1.96303726
    2.09310075
    1.11117456
    1.51483319
    1.84773832
    1.77889995
     1.7362495
     2.0330176
    2.58542004
    2.79836582
    2.77789025
    2.48368643
    1.64453833
    1.81828894
    1.22579176
   0.910524075
    1.03455907
   0.630192541
   0.784804263
   0.691199713
    1.62699612
    2.39201036
    1.41386914
   0.933227874
    1.05324512
    1.80639445
    1.66712896
     2.2110002
     2.4874457
    2.06703519
   0.622944166
    1.40675656
    1.75677515
    1.37501875
    1.77622918
    1.34486439
     1.9254654
   0.915867843
    1.01269807
   0.528140046
   0.643663722
   0.811564864
    1.77631279
    1.55598682
    1.87060296
   0.852414052
    1.22294976
     1.7617366
    1.42868664
    1.42199004
    1.77005063
    2.76449653
    2.93049754
    2.17734497
    2.30084478
    2.75832331
    3.16358743
    2.47800316
    2.50251365
     3.0705151
    2.35285181
    1.82024239
      2.013418
    2.32544587
    1.93138817
     2.4244189
    2.68283922
    3.22695764
    2.43673905
    2.43921453
    2.59624205
    3.14408429
    2.81607964
    3.00718832
    3.47269001
    1.63660068
     2.6701158
    2.95104001
    3.05462202
    2.37957948
    2.55559285
    2.91104878
    2.45254277
     2.4058608
    3.26591881
    2.54367969
    2.75220015
    3.63903622
     3.4278575
     2.9200982
    3.10881961
    2.15695417
    3.23940203
    3.03203651
    3.55691178
    3.16755425
    3.13969173
    3.48788941
    3.61621088
    2.66927946
    4.44410828
    4.22745184
    3.40867639
     2.6162446
    2.89020316
    3.20903927
    3.69178746
    3.36822952
    3.56255146
    3.14015293
    3.11149856
    2.85636289
    3.56096348
     3.1467809
    3.32471798
    3.88334268
    3.76840604
    3.74365266
    3.12243719
    3.74651086
    3.44228311
     4.0960102
    4.39051104
    3.62589557
    3.48394065
    3.78276669
    3.62882215
    3.38392224
    3.25719219
    2.75022215
    1.57172365
    2.71809207
    3.24232425
    3.07090956
     4.1107989
    3.67543253
    3.28948494
     3.4356695
    3.55278231
    2.88398942
     2.3762276
    2.71856268
    3.11952007
    3.47357245
    3.81353447
    4.27819475
    3.21298835
    2.84996493
    3.03824269
    2.32418235
     2.7161466
    3.49219287
    3.44834251
    3.30217699
    3.39748881
    3.73479204
    3.24546341
    3.05407147
    2.72394798
    2.80024398
    2.41735566
    3.02387227
    2.46980195
    3.17813695
    2.99430811
    3.51428206
    3.24738062
    3.56782919
    3.21413224
    3.11908939
    2.83600313
    2.67678395
    1.13399929
    1.23245458
    1.09778417
    1.40285012
    1.69490236
    2.08746701
    1.46368495
    1.86714591
    1.48418008
    1.23646893
     1.0832749
    1.12484751
    1.33845233
    1.24984404
    1.21388859
    1.37803385
   0.801441678
    0.76348099
   0.581189553
   0.735568498
   0.867849945
   0.453901103
   0.639731759
    1.10397897
    1.17232531
    1.12793705
    1.18831446
    1.18647611
     1.2219238
   0.896780938
    1.15713865
    1.10928509
    0.96592494
   0.884167754
    0.79089338
   0.854185921
    0.79930402
   0.566615654
   0.891887186
   0.921833823
    0.40884656
   0.250276483
   0.537623521
   0.691571233
   0.880763825
   0.676973932
   0.887383412
   0.325037385
    0.54462874
   0.355565424
   0.692319962
   0.705486559
   0.726833978
   0.265293412
   0.633700424
   0.403917265
   0.567171625
    0.39123749
   0.304265634
   0.504098897
   0.618465431
   0.357207091
   0.301891414
   0.410215909
   0.383597489
   0.520459669
   0.589172228
   0.572870388
    0.56653486
   0.501030729
   0.540080871
   0.357152778
   0.464663561
   0.579709426
   0.344362701
   0.473989575
    0.51025813
   0.384132487
   0.285758795
   0.282749659
   0.412841944
   0.379205289
   0.445871367
   0.459913422
   0.237063935
   0.294395556
   0.427253231
   0.445504648
   0.359841658
   0.337283717
   0.276094525
   0.274466878
   0.419708446
   0.396662916
   0.298969657
    0.21431178
   0.286879587
   0.227667917
   0.247609048
   0.315935231
   0.237984206
   0.330866926
   0.224609589
    0.27857654
   0.379609516
   0.281090725
   0.319512756
   0.392053094
    0.48682402
   0.366795953
    0.31705196
   0.353688864
   0.335379017
   0.319723439
   0.304710021
   0.248781553
   0.436116734
   0.406205811
   0.455947754
   0.461987672
   0.466477438
   0.399512241
   0.460825719
   0.469878505
   0.271952886
   0.469152155
   0.324559242
   0.300911008
   0.318139607
   0.426044286
   0.396986971
   0.233585782
   0.320103094
    0.28366454
   0.273042244
   0.239489983
   0.377750601
   0.305641976
   0.273548638
   0.496841594
   0.275378263
   0.584158833
   0.264759607
   0.537054692
   0.599239001
   0.553559172
   0.611490799
   0.562182026
   0.602396524
   0.581959751
   0.676137845
   0.576865687
    0.62259148
   0.610834196
   0.663715742
   0.555455987
   0.320040108
   0.518996237
   0.575395636
   0.749893168
   0.759643914
   0.727820716
   0.650054266
   0.443259596
   0.623757599
   0.454808656
    0.46470635
   0.542579223
   0.333041425
   0.603176627
   0.640083571
   0.725525928
   0.747770144
   0.350382389
   0.492701601
   0.747965843
   0.782245677
   0.684733638
    0.40171927
   0.458590542
   0.692749736
   0.688618258
    0.40847446
   0.758903814
   0.661453038
    0.72791965
   0.715988101
   0.774346146
    0.90960144
   0.952768126
   0.546255522
   0.547679173
   0.856616919
   0.420685249
     1.0347329
    1.03660535
   0.823918487
   0.747910647
   0.713466064
   0.512030486
   0.511290176
   0.813230284
   0.681725879
   0.621009197
   0.900571451
   0.613250414
   0.800995996
   0.857603525
   0.538006708
   0.904095718
   0.836563287
     1.1912769
   0.665659817
   0.757141989
   0.812405998
   0.756314332
   0.784673942
    1.12365491
    1.50275909
    1.59864526
    1.49587027
    1.56184487
    1.71334275
    1.58554252
    1.50353083
    1.46767365
    1.52323624
    1.50604052
    1.61012657
    1.54440215
    1.73223607
    1.21682714
    1.16544194
    1.10938467
   0.409178887
   0.513790995
     1.2184507
     1.3882606
    1.60155447
    1.73128285
    1.60242582
    1.10222465
    1.03100116
   0.994160863
   0.668097852
    1.43722646
    1.76295404
    1.81654102
    1.88079334
    1.86380115
    1.12888066
    1.11237389
   0.849466865
    1.00974613
    1.18809686
    1.11940238
     1.0581867
    1.84292764
     1.8805264
    1.88837557
    1.91664476
    1.54452473
    1.52950591
    1.55792568
    1.07502688
    1.73789115
    1.94301649
    1.91296053
     1.9408707
    1.96057151
    1.99710079
     1.8727763
    1.51085062
     1.0575192
    1.07475002
    1.47731814
    1.21280485
     1.4740036
    2.05238173
    2.02201765
    2.04352759
    2.07463181
    2.00987467
    1.44656559
    1.28309373
    1.37585637
    1.87835794
    1.82358126
     2.0058102
    2.00133432
    2.06319908
    2.10690199
    2.06207583
    1.94481813
    1.99523182
    2.09037958
    2.09989457
    1.80957291
    1.95397707
    2.06439862
    2.11581742
     2.1032943
    2.13403685
    2.17175786
     2.0710051
    1.99794722
    1.83625704
    1.69388045
    2.07677247
     1.9041087
    1.64819994
    1.52981466
    1.64663495
    1.86164195
    1.91493397
    1.75637283
    2.00253356
    1.97683988
    1.98540484
    1.92696668
     1.9671896
    1.91427223
    1.75546979
    1.24575135
    1.28951019
    1.84167617
    1.96377999
      2.016695
    2.00978766
    1.81399745
    1.81765272
    1.88305628
    1.57752565
    1.29078683
    1.63135494
    1.80606988
    1.88684675
    1.90168592
    1.80076121
    1.79896226
    1.76714329
    1.75480214
    1.79029627
   0.595906843
    1.37265964
    1.40745461
    1.37740564
    1.36013147
    1.39636116
    1.42456458
    1.26137705
    1.29661031
        1.2647
    1.24040181
    1.24223872
    1.22741386
    1.14777519
    1.17730458
    1.24742129
    1.16801998
    1.20709371
     1.2513882
    1.01413298
   0.637862518
    1.04684837
   0.816361552
    1.05057372
    1.07820833
    1.03570412
    1.06894271
    1.10620956
    1.11321449
    1.13287259
    1.03688491
    1.10891406
    1.06321998
    1.06245289
    1.05400256
    1.05216172
    1.03747187
    1.06486033
    1.06925718
   0.980660237
   0.789080141
   0.922358904
   0.407087202
   0.490494071
   0.425104378
   0.141480693
   0.889294609
    2.14411317
    2.38316217
    2.22374698
    2.16845386
    2.48873317
    2.31936866
    2.26307089
    1.80014024
    1.73157312
    1.69835542
    2.54389506
    3.04705384
    3.16560388
    2.22365383
     1.6556372
    2.28027273
    2.54663438
    3.29402354
    2.97119579
    2.80260125
    3.00606593
    2.46303511
     2.0780744
    2.38897413
    2.39301343
    2.90130427
    3.52906161
    2.99031246
    2.84991509
    2.81167946
    2.72489229
    3.13801119
    2.70212969
    3.04845684
    3.01403163
    3.40541118
    3.48681998
    2.95821045
    3.17116916
    2.67485764
    2.81498648
    3.13970973
    2.86975511
    3.08303325
     3.0928636
    2.95381091
    3.04766418
    3.03047929
    2.50781009
    2.66314865
    3.38364987
     3.0617125
    3.04018457
    2.44534577
    3.12798797
    3.13651632
    3.14476413
    3.83532562
     2.9182531
    2.79795053
    3.58831654
     3.3591628
    3.12570635
    2.97387033
    3.01700488
    3.50423633
    3.01092012
    3.29820428
    3.03035027
    2.77625063
    2.54995818
    3.09590663
    3.76510675
    2.30461524
    3.54089232
    2.32857726
    2.70788433
    2.44612075
    3.07351557
    2.99481142
    2.55930797
    2.62115433
    2.37532421
    2.79748283
    3.17919833
    2.51122794
    2.72004033
    2.22141143
     2.3874768
    2.30732469
    2.25786154
    2.21497896
    2.36141439
    2.18366381
    1.72148849
    1.33754786
    1.60697513
    2.30106985
    1.92156442
    2.45089323
    1.86354104
    1.63630093
     2.4175804
    2.30798233
    2.35513805
    2.20608273
    2.10802255
     2.1093252
    1.98953106
    2.05289653
    1.84358141
    1.28835374
    0.92214977
    1.39341756
    1.81942302
     1.9073794
    2.09621486
    1.95954457
    1.64226162
    2.36917475
    1.94698313
    1.75558917
    1.73507228
    1.87257608
    2.12600742
    1.71723525
     2.2020748
   0.980102026
   0.812004733
     1.1735248
    2.31557908
     1.8328034
   0.837794361
    0.82789444
   0.898066826
    1.17306647
    1.06573402
    1.21709976
   0.911337456
   0.824435039
   0.927456216
   0.636072855
    0.66255812
    1.36893632
    1.52640061
    1.20617575
    1.42816214
    1.11421144
    1.07035062
    1.02102343
   0.936832715
   0.405672379
   0.364037023
   0.660965533
   0.587270642
   0.392657088
   0.439767632
   0.527550022
   0.570802947
   0.525140016
   0.672623788
   0.887968217
   0.608286405
   0.475511003
   0.962752895
    0.76402218
   0.815904003
   0.557081558
   0.518945544
   0.416859089
   0.338138374
   0.588399779
   0.669184067
   0.757283785
   0.861043103
   0.617376465
   0.736596583
   0.745670296
   0.715105716
   0.436115319
   0.260107799
   0.502837617
    0.48176377
   0.606604852
     0.4676074
   0.239716913
   0.531283842
   0.351148574
   0.272351726
   0.248280986
   0.417583529
   0.641029249
   0.495497568
   0.349092096
   0.251555384
   0.506395042
   0.399859504
   0.248616395
   0.504839599
   0.439621931
    0.62642432
   0.454321343
   0.526840463
   0.492737282
   0.632801023
   0.547276355
   0.507240941
   0.442022688
   0.687608795
   0.539094746
   0.335816458
   0.311199048
   0.356138216
   0.309727809
   0.394912098
   0.294936186
   0.381487083
   0.330138282
   0.434990734
   0.529559367
   0.560135133
   0.447254603
   0.320255664
     0.4704186
   0.560131866
   0.403568156
   0.241671188
   0.374132841
   0.329267844
   0.553688041
    0.54694642
   0.550249964
   0.620067233
   0.607541248
   0.395916288
   0.435990239
    1.21264974
   0.736172174
   0.721679676
   0.703264373
   0.372319781
   0.359075379
   0.798805016
      0.703598
   0.937956508
   0.441002927
   0.432344256
   0.488300569
   0.553800552
    0.75982765
     1.1237746
   0.708870417
   0.646562602
   0.898095059
    1.11258249
    1.01206395
    1.06410714
    1.08826004
    1.07422823
    1.05423577
    1.09912574
    1.15811115
   0.960776438
    1.08049265
   0.860520834
    1.10565179
    1.36514354
    1.31255914
    1.23365678
    1.30536727
    1.55863067
   0.998347489
    0.73869952
   0.714895386
   0.928870255
    1.02702172
    1.31234842
    1.40830995
    1.96754225
     1.5052206
    1.50217537
    1.93918269
    1.46641228
     1.5274255
    1.57491239
    1.65505802
    1.23920733
    1.90328219
    1.87491373
    2.11537264
    1.97449432
    1.63194482
    1.93920859
    2.39189856
    2.32276389
    2.19861322
    2.65393479
    2.13946413
    1.91132253
    1.72209466
    1.75973344
    1.96073794
    2.00494405
    1.63831648
    1.93285537
    1.96270729
    1.94883945
    2.17568222
    1.55132216
    1.71936518
    2.49102954
    1.97287316
    1.53580167
    2.36346369
    2.49085345
    1.79458883
    1.49774034
    1.01779949
    1.07215779
    1.04597375
     1.1939422
     1.6587565
    1.75327058
    2.00755936
     2.7761141
    3.04865775
    2.24852198
    2.35640874
    2.07474812
    1.71329552
    1.97104599
    2.77848173
    1.79986736
    2.35524186
    3.22206834
    3.05932434
    3.05060439
    3.47073953
    3.25161191
    3.32501404
    3.53716307
    2.75580251
    2.45744589
     1.7732964
    1.27681297
    1.52370255
    2.30502158
    3.33785701
    2.50527191
    2.83008139
    3.05493406
     2.8484593
    2.93219326
    2.74516802
    3.43346591
    2.45050886
    1.69070635
    1.12873033
    2.39503022
    3.75829529
    4.19287139
    4.04200239
     3.5797711
    3.29221169
    3.33848565
    3.25750571
    3.10763594
    2.03140858
     1.6017655
    1.44630136
    1.80963161
    1.71445516
    2.74716376
    2.19200334
    3.43462767
    3.29022483
    3.41587887
    2.18312088
     1.2677237
    2.17204733
    1.42551388
     2.6734463
    2.94422932
    3.68214911
    4.46773425
    4.30135652
      2.972109
    3.06074001
    3.14658597
    2.99630437
    2.99698782
    2.78989127
    2.51286078
    3.06837107
    3.22633781
    3.34398782
    3.46527624
     3.6518763
    3.26962564
    3.34315899
    3.49134269
    3.16477435
    3.49352036
    3.72546713
    3.36741819
    3.76355022
    3.44965894
     3.3120858
    3.91378381
     2.9580862
      3.936854
    4.09949795
    3.11558822
    3.18985033
    3.22288718
    3.07077035
    2.87294168
    3.04551866
    3.45618064
    3.33219225
    3.57030115
    3.64087732
    3.23724096
    4.24070945
    3.08847681
     2.7152286
    3.04269123
    2.99220017
    2.78171329
    3.18619724
    2.93733816
    3.09788298
    2.72357312
    3.03726604
    3.56440973
    3.40760314
    3.38449579
    2.82631514
    3.00844349
    2.30147329
    2.47110101
    3.21433202
    3.11857431
    3.09559176
    2.98701884
    3.43387256
    3.05628339
    2.99967306
    3.03426101
    2.99837325
    2.81372364
    2.87978896
    2.85829131
     3.1449328
    3.65873389
    2.97834745
    2.77888097
    2.55457357
    2.91188787
    3.27615741
    2.74716625
    3.53155794
    2.60855305
     1.9995884
    2.41946399
    1.75886111
    2.34396182
   0.920313774
    1.27861388
    1.52058146
   0.905637759
    1.30674629
    1.04191686
    1.40741604
    1.42197775
    1.96216065
    1.73894301
     1.6595521
     2.3992009
    2.46617856
    2.41749489
    1.73181322
    1.97970505
    2.13555576
    1.85043462
   0.721283011
    1.39536558
    1.49260683
    1.79009625
    1.67018245
    1.57980014
    1.44641096
   0.877572328
   0.958790108
   0.604506112
    1.15616383
    1.22801581
    1.68240081
    1.70637661
    1.56722403
    2.04593701
    2.12989749
    1.48156684
    1.27110117
    1.57761105
     0.5144689
   0.480080724
    1.14542683
   0.542353989
   0.584421791
   0.390693073
   0.485920781
   0.834474598
   0.891599486
    1.02179642
   0.908590504
    0.74578105
   0.616244313
    1.38211119
    1.10726802
    1.28541285
    1.32996591
   0.462247641
   0.843201299
    1.94154077
   0.949237773
   0.684630167
   0.654200109
   0.960883302
     1.2190694
   0.966686982
   0.877508156
     1.0014437
   0.644655508
   0.488930237
   0.632292026
   0.640807782
   0.560899291
   0.660488572
   0.570315852
   0.453223244
   0.408221265
   0.415112901
   0.394657174
   0.469404687
   0.628853068
   0.771870345
   0.186490012
   0.615146359
   0.717412293
   0.547312122
     0.4335887
   0.408919365
   0.438362033
   0.435565437
   0.432768354
   0.415200593
    0.24014585
   0.226157466
   0.903223989
   0.655789301
   0.466984728
   0.229226172
    0.22227682
   0.374986799
   0.500430012
   0.565440954
   0.354870107
   0.299449726
   0.251994572
   0.449771285
   0.309836225
   0.279435355
   0.362729148
   0.400184844
   0.300278564
   0.509673978
    0.40941128
   0.491995919
   0.410939213
   0.285762005
   0.189698609
   0.360900521
   0.462408056
   0.632904358
    1.20058336
   0.672208208
   0.279262386
   0.234614378
   0.268286664
   0.286269911
   0.907971205
   0.390730479
   0.290584133
   0.241383384
   0.252835728
   0.595273173
   0.808609256
   0.552496416
    0.28407664
   0.399853808
   0.467922853
   0.853149441
    1.00667842
   0.965774869
   0.683470013
   0.669590765
     0.8315706
    0.59909935
   0.806735163
   0.580061117
   0.381410929
   0.383840829
   0.539596804
    0.50074162
   0.393075712
   0.746455637
   0.677160106
   0.456657029
   0.940782049
   0.867626127
   0.696706947
   0.685647545
   0.407220725
   0.400924612
   0.215852296
    0.47189794
   0.946428672
   0.895339107
   0.698278743
   0.656749006
   0.528748858
   0.937502791
   0.920546577
   0.965181359
    1.15628559
    1.08121151
    1.15019982
    1.00166171
   0.623150602
   0.838095127
   0.369319463
   0.497563732
   0.273147313
    1.30125016
    1.48867121
    1.16479236
    1.16634367
    0.95659633
    1.03526608
    1.16485169
    1.03036634
    1.00075978
    1.40297563
    1.36698706
    1.03551046
   0.950684137
    1.05002751
    1.09109614
    1.14771596
   0.877332162
     1.3338788
    1.20035709
    1.32121881
    1.32037079
    1.00995423
    1.61728824
    1.08951231
    1.52130983
    1.31105478
    1.30679914
    1.29236381
     1.7714806
    1.69894038
    1.86390911
    2.16271732
    1.71544066
    2.20727025
    1.97961858
    2.40211153
    2.09587231
    1.09495014
    1.27042891
    1.55437872
   0.905132841
    1.21271538
    1.18484802
    1.32914603
   0.882831818
    1.46756245
    1.01138193
    1.55572363
    1.49932108
      1.813509
    1.70882763
      2.273931
    2.51587038
    1.95652286
    2.07716655
    2.22430677
    2.90992632
    3.04883665
    2.36814574
    1.88785096
      1.381176
   0.953319097
    1.67592043
    1.74039371
    1.31248862
    1.43114173
   0.996913459
   0.733459488
    1.82573651
    1.75676015
    2.01337718
    2.09934651
    3.07704762
    3.16646916
    2.85847205
    2.46759981
    2.26547272
    2.62719908
    1.56422491
    2.13256647
    1.83152478
    2.19456107
    2.31283597
    2.29281788
    2.50734688
    2.67047054
    2.90625966
    3.47714453
    2.86201506
    3.48131476
    2.59473697
     3.2144966
    2.56737446
    2.54668864
    1.69342792
    1.44007602
    1.64218456
    1.55041805
    1.95524389
    1.64650606
    2.05574396
    1.97889439
    1.95116833
    2.37317127
    2.44512817
    2.58837138
    2.60224738
    2.64199557
    3.12449286
    1.48681033
    2.60053908
    2.19996049
    2.76109034
    2.99231252
    2.99497822
     2.8764422
    2.46023252
    2.40231996
    3.00011049
    3.67773252
     3.0833147
    3.15823963
    3.95055578
    3.37513697
    3.49479815
    3.97820495
    3.98935179
    3.42340385
    3.26753753
    3.09797222
    3.19914254
    3.48004239
    3.42614684
    3.55582955
    4.13278488
    3.43189195
    3.05541681
    3.58505303
    3.34219298
    4.12405343
    4.39589832
    3.14920935
    3.40241722
    3.93097607
    3.26853233
    3.61333212
    3.99942952
    3.37801335
    3.39801878
    3.63896522
    3.71984505
    3.45188574
     3.3306912
    3.05434721
    3.56408562
    4.39102375
    3.78091677
    3.15921118
    3.73475538
    2.92907846
    2.81418735
     3.1003039
    2.29682467
    3.10468228
     2.8676037
    2.85938143
    3.10765549
    3.62821559
    2.82214544
    3.00708094
    3.21256564
    4.47762671
    3.14603086
    2.81967027
    2.71288441
    2.94407613
    3.08981591
    1.17768494
    2.04285798
    2.04904743
    2.47771397
     3.0341239
    2.47274932
    1.00543026
    1.95167339
    1.74374127
    2.09282683
    2.17606836
    2.95337201
    2.34059651
    2.46827991
    2.48475312
    1.31275261
   0.655591932
    1.44189002
     1.6255714
    1.06283823
    1.23762896
    1.58309387
    1.05017117
    1.61272696
    1.79199137
    1.76106117
     1.5310863
    1.51508933
    1.92656556
    1.36229514
    1.91395625
    1.78406518
    1.94642381
   0.561270292
    1.39723438
    1.43895486
   0.881450597
    1.23240589
    1.63490569
   0.602424554
   0.712938545
   0.602107669
   0.924262857
    1.04784226
    1.00704678
    1.12442288
    1.07186522
    1.24717874
    1.16750144
     1.0559495
    1.24570877
    1.12415942
   0.813877741
   0.966469899
   0.871803681
    1.26907638
   0.993719263
    1.08665741
    1.14446747
   0.406178288
   0.343755495
   0.367998061
   0.890118706
   0.697700009
   0.708128493
   0.801847891
   0.491872765
   0.878115575
   0.670502387
   0.278424422
    0.60152342
   0.936971853
   0.373494895
   0.249493863
   0.601063107
   0.555318085
   0.482351927
   0.441238584
   0.584376548
   0.424530506
   0.211638241
   0.646220184
   0.337319536
   0.306527118
   0.374679243
   0.405342403
   0.329576479
   0.530874315
   0.300027284
    0.48936934
   0.258177217
   0.293779075
   0.170627807
   0.405096992
   0.298603081
   0.224215696
   0.271070807
   0.450327997
   0.415795262
   0.462390795
   0.170941613
   0.356752649
   0.392433413
   0.277981663
   0.393818116
   0.739663071
   0.611335655
   0.463800962
   0.498137287
   0.303596661
   0.221872563
   0.441104266
    0.25073079
   0.222900388
   0.229987708
   0.306960236
   0.443506933
   0.411361113
   0.413477005
   0.282323934
   0.295845632
   0.314310611
   0.267028254
   0.246509964
   0.312109493
   0.245462847
   0.204075718
   0.253630858
   0.367889308
   0.399208226
   0.342763759
   0.207105762
   0.181814589
   0.264004392
   0.211707034
   0.256735236
   0.208557025
   0.188622735
   0.226880429
    0.27602219
   0.275778008
    0.25367374
   0.373048874
   0.750659412
     0.8480683
   0.738229684
   0.795430006
   0.549309289
   0.392501128
   0.231445029
   0.257368821
   0.247496989
    0.22612083
   0.483568632
   0.536312481
   0.570257692
   0.493961905
   0.563064686
   0.745146091
   0.727458885
   0.907877193
    1.00967217
   0.490412076
   0.791234977
    1.07904991
   0.524286784
   0.231073571
   0.371064617
   0.270998356
   0.236922513
   0.666971095
   0.479699943
   0.462824443
   0.394647109
   0.257449452
    1.00539202
   0.775874463
   0.829362556
   0.770934193
    0.93519759
    1.41950222
    1.25484753
   0.942747267
   0.833786737
   0.858619003
   0.501313761
   0.590602827
   0.872368445
    1.03907619
    0.99895442
    1.19459293
    1.66270367
    1.12429931
   0.485581507
   0.363888316
   0.365593532
    1.00514393
   0.767154185
    0.85469116
   0.951587091
    1.35465717
    1.67064496
    1.49907926
    1.50397522
   0.857438945
   0.819868483
    1.06163624
   0.780641032
   0.745070748
   0.337797994
    1.05569538
   0.887939653
    1.15177226
    1.96132871
     1.3247171
    0.42415442
   0.877588575
    1.66930096
    1.74118887
    2.20480327
    2.02657941
    2.12587895
    1.64133498
    1.85464511
    1.71384435
    1.57045969
    2.00398543
    2.49243577
    1.54859206
    1.42198379
    1.82332049
    1.06920162
   0.849213105
   0.865665496
   0.725796438
   0.997860957
    1.17746164
    1.43976326
    1.40009497
    1.85659702
    1.84394202
   0.898499904
   0.728356187
    1.14096934
    1.88021799
    2.05521789
    1.83385021
    1.89581892
    1.80524999
     1.5224994
    1.97724275
    2.13344702
    2.26566339
    2.81763832
    2.44047469
    2.08009112
    2.74356183
    3.15954319
    2.40428521
   0.978612146
    1.87821089
    1.48925903
    2.23981124
    2.31962368
    2.32751224
    2.22017062
    2.56730833
    2.35906211
    2.27587846
    1.02893238
    2.15848731
    2.41104673
    1.80609561
    2.50298964
    3.55909902
    3.12746238
    2.65984585
    2.38687605
    2.35271151
    1.52038751
    1.69407449
    2.42045079
    1.40464085
    2.21836768
    2.65949867
    3.37241866
    3.00200513
      2.871366
    3.47779307
    2.88786632
    2.99235005
    3.23173873
    2.98768131
    3.58308974
    3.69875551
    3.53676602
    3.05726781
    3.34465902
    3.08206023
    3.03845451
    4.02633201
    3.56887235
    3.29514923
    2.92241813
    3.09029278
    3.73720698
    3.10520303
    2.89558504
      3.726399
     3.5892513
     3.2850953
    2.60534398
    2.66514697
    2.86992849
    3.16888167
    2.72001525
    3.12999757
    2.67059557
     3.3278777
    3.74722298
    3.44302019
    3.14635793
    3.31642398
    3.51993261
    3.20051944
    3.51375872
    3.16912297
    3.29318736
    3.11350055
    3.12445678
    3.77370953
    2.95353679
    3.85973975
    3.02856714
     2.9751308
    2.63346082
    1.73536307
    2.56857102
    3.45965375
    3.30998296
    2.25768083
    3.46430657
    3.06760877
    3.55226461
    2.82092572
    3.03275679
    2.79229442
     3.6932827
    3.27758665
    2.48603852
    3.30060981
    3.13970514
    3.12364138
    2.87450771
    2.97182929
    1.14398739
    1.22159507
     2.1246555
    2.54407526
    2.81443226
     2.7465978
    2.33531807
     2.8139054
    2.55257924
    3.02316095
    2.00603889
    1.00091117
     1.1854522
    1.33272781
    1.93026117
    1.79892568
    2.37255858
     2.5216106
    2.25406044
    3.13575452
      2.877992
     1.9448154
    1.93579652
    2.35721602
    2.07303757
    2.42942043
    1.85403079
    2.18599996
    2.18280342
    2.28560824
    2.09854348
    2.38604149
    2.07299644
    2.46110778
    1.65227676
     1.5895644
    1.79314417
    1.51523575
    1.97792292
    2.16677387
    1.84314325
    2.02602645
    2.01520427
     1.8347739
    2.10812328
    1.83216215
    2.46582218
    1.97370381
    1.91441278
    1.93480424
    1.45951504
    1.70744061
    1.66393185
    1.73011618
    1.65847282
    1.61508007
    1.25121755
    1.50865775
    1.66199697
    1.25935421
    1.83897045
    1.09950972
    1.52208051
   0.968526737
   0.877722462
   0.587374641
   0.570608175
   0.746367162
   0.909475539
   0.550030821
   0.684344902
    1.00590659
   0.493547998
   0.289160806
   0.411689409
   0.420035334
   0.686247552
   0.784069601
   0.708062925
   0.595748043
   0.284320582
    0.52649527
   0.749354334
   0.982412801
    1.22798549
   0.630045534
   0.246475463
   0.408396464
   0.561737611
   0.590937201
   0.209616632
    0.37769354
    0.22331048
   0.356516897
   0.628939952
   0.330042957
   0.489278772
   0.376204419
   0.243559597
   0.288358428
   0.356842133
   0.325408666
   0.432851917
   0.437084496
   0.339348136
   0.284355442
    0.38574108
   0.333512138
    0.43597407
   0.221520279
   0.248656594
   0.180553924
   0.188718428
   0.272054634
   0.242311379
   0.233441521
    0.38514883
   0.232860258
   0.433254262
   0.277562002
   0.396736958
   0.259027971
   0.279400825
   0.177838451
   0.229728285
   0.516142335
   0.489669408
   0.361801619
   0.399174892
   0.460934292
   0.464716355
   0.358681442
   0.429015495
   0.190956054
   0.306452134
   0.238823045
   0.427159653
    0.29185356
    0.40592059
   0.395007691
   0.216961345
   0.252718002
   0.190610646
   0.252881661
   0.228697042
   0.563419856
    0.61589848
    0.35897621
   0.277266377
   0.489237198
   0.573300414
   0.597182979
    0.37040191
   0.617049119
   0.291890155
   0.510495382
   0.784977314
   0.585951803
   0.388260027
   0.632356717
   0.890890354
   0.948694354
   0.691411899
    1.14312003
   0.408168018
    1.15037275
    1.05434659
    1.16306268
    1.07126872
    1.18015211
    1.02076973
    1.02185687
   0.982977715
   0.924515203
    1.55380208
    1.44323088
    1.13761741
    1.08922957
    1.12061982
    1.18497301
    1.13001247
    1.20309304
    1.12132469
    1.35728761
     1.2096727
    1.42006355
    1.57853949
    1.15248484
    1.59757186
     1.3103058
    1.37915923
    1.29767291
     1.4543883
     1.1522695
    1.48597753
   0.931013529
   0.685753128
    1.42291158
    1.26230305
     1.2252544
    1.74266754
    2.00118371
    2.18890823
    1.92205084
    1.52741252
    1.40831772
    1.82479372
    1.81488602
    1.34438761
   0.984330904
    1.83453119
    1.95344685
    2.09299497
    1.10693433
    1.44642392
    1.83800581
    1.71428161
    1.69731536
    1.99210634
    2.57218925
    2.79176704
    2.77095344
     2.4762475
    1.58690001
    1.76489771
    1.17779566
   0.900267281
      1.006292
   0.610519698
   0.769626741
   0.666102166
    1.54653958
    2.35158105
    1.40557558
   0.930691957
    1.03454719
     1.8025755
    1.66127141
     2.2110002
    2.47740148
    2.06345717
   0.612203548
    1.40228364
    1.74979271
    1.35209903
    1.77622918
    1.33330034
    1.92161737
   0.910795594
    0.99444566
   0.508842802
   0.617298718
   0.778215999
     1.7668256
    1.53727937
    1.86847856
   0.826298609
    1.18864703
    1.73407387
    1.38542166
     1.4169309
    1.73487006
    2.71753134
    2.86409683
    2.13412287
    2.22473773
    2.68806404
     3.1134279
    2.37235501
    2.39951492
    3.06599076
    2.26214835
    1.80734575
    1.96885436
    2.32059133
    1.83657779
    2.31336101
    2.57099931
    3.19085519
    2.38983133
    2.36597102
    2.51165704
    3.06531436
    2.70034944
    2.88841522
    3.38178109
    1.61501004
    2.60058193
    2.83855839
    3.00343957
    2.34989227
    2.54493576
    2.89294883
    2.43221507
    2.39805743
    3.26410682
    2.54064502
    2.64921508
    3.61622287
    3.39174811
    2.88819651
    3.04385125
    2.09178078
    3.14582337
    3.00979141
    3.55562836
    3.05400912
    3.03241036
    3.37276074
    3.49727222
    2.57437895
    4.41813338
    4.20177747
    3.37055305
    2.59234837
    2.77833228
    3.10231363
    3.63178366
    3.32317595
     3.5330665
    3.05868315
    3.08026432
    2.74365599
      3.497861
    3.05471897
    3.25229933
     3.8260868
    3.75519932
    3.69931804
    3.00950809
    3.64245058
    3.32039925
     3.9881062
    4.33175666
    3.53914829
    3.37061701
    3.68887822
    3.51258955
    3.29644773
     3.1778622
    2.72849133
      1.511784
    2.64887096
    3.18412299
    2.95442234
    4.06275564
    3.62963374
    3.21553185
    3.36201079
    3.51996569
    2.86962905
    2.27423041
    2.60901688
     3.0158074
     3.3848791
    3.79366349
    4.27109853
    3.13319984
    2.76014627
    2.98611454
    2.29813269
    2.61481491
    3.44964037
    3.38551523
    3.22965615
    3.36436059
    3.71061573
    3.16377073
    3.01183743
    2.69780451
    2.75369858
    2.32127703
    3.01566441
    2.41382413
    3.13391804
    2.95017245
    3.50748622
    3.24666697
    3.56698996
    3.20402479
    3.08697132
    2.80644821
    2.63513322
    1.07398561
    1.18448888
    1.05014185
     1.3443655
     1.6270071
    2.04133893
    1.40046418
    1.79981524
    1.39799775
    1.16402337
    1.02063123
    1.05996131
    1.25899393
    1.17669509
     1.1429716
     1.2971396
    0.75823036
   0.722933294
   0.554622248
    0.69663793
   0.819654795
   0.435518988
   0.606290414
    1.03685966
    1.10316025
     1.0619281
    1.11804708
    1.11627778
     1.1496094
   0.846001104
    1.08957104
    1.04449577
   0.909726616
   0.833926076
   0.746870605
    0.80505587
   0.753966583
   0.538253667
   0.839047772
   0.867868509
   0.391769607
   0.244612492
   0.510788963
   0.653552987
   0.828826263
   0.640201579
   0.836218897
   0.314248013
   0.517379557
   0.342562477
   0.653564555
   0.663162326
   0.682681223
     0.2580229
   0.599158751
   0.386712193
   0.537788839
   0.373919226
   0.293233877
   0.476915632
   0.582027371
   0.341024166
   0.290860491
   0.390437557
   0.365860158
   0.491192496
   0.553765362
   0.538368662
   0.534739684
   0.473761329
   0.510772526
   0.341858856
   0.440248411
   0.546139812
    0.32930081
   0.446802815
    0.48054397
   0.365400755
    0.27612229
   0.273204065
   0.390601204
   0.358646005
    0.41941655
   0.432306427
   0.227644913
   0.279864815
   0.401472987
   0.418739875
   0.341335119
   0.320032394
   0.264389686
    0.26313392
   0.395769183
   0.373417396
   0.283537491
   0.206067623
   0.273060106
   0.219973514
   0.239330802
   0.301843187
   0.230821925
   0.315907669
   0.218841858
   0.268533726
   0.360334868
   0.270910315
   0.304864487
   0.371838996
   0.460021311
   0.348643382
   0.301271603
   0.335115768
   0.318636811
   0.305109152
   0.291968344
   0.240486454
   0.412133077
   0.383532062
   0.429830594
   0.434770477
   0.439431968
   0.377391229
   0.433597605
   0.442477584
   0.262412223
   0.443690501
   0.310704314
   0.288561573
   0.302750817
   0.402275202
   0.376230257
    0.22682325
   0.306352266
   0.274324366
   0.262817283
   0.231537255
   0.358135599
   0.292220229
   0.262403728
   0.469160358
   0.265348072
   0.550877525
   0.256457616
   0.506180523
   0.564855901
   0.523064263
   0.576384474
    0.53133612
   0.566635366
   0.547338441
   0.635510675
   0.543858044
   0.585857623
   0.573976966
   0.624315081
   0.523403773
   0.307156794
   0.489560919
   0.542607641
   0.706018068
   0.713728582
   0.684618341
   0.613720277
    0.42294006
   0.590260639
   0.434109801
   0.442499343
   0.515744069
   0.320189046
   0.568844642
   0.603412875
   0.683010852
   0.702921877
   0.335483535
     0.4677093
   0.705555462
   0.736527249
    0.64922178
   0.386361124
   0.439135403
   0.657084202
   0.653471767
   0.391978973
   0.717790751
   0.626697168
   0.688825013
   0.677902925
   0.730033823
   0.855726701
   0.897072668
   0.520990199
    0.52197956
   0.808709669
   0.403060634
   0.973376888
   0.976274811
   0.778942161
   0.708346855
    0.67615391
   0.489830852
    0.48974064
   0.769875752
   0.647416461
   0.592179443
   0.850471147
   0.584003076
   0.758135888
   0.810896516
    0.51354005
   0.854192965
   0.790231939
    1.12030879
   0.633283883
   0.718349498
   0.770528157
   0.720171548
   0.745254167
    1.06096988
    1.41443255
    1.50521271
    1.40883965
    1.47060983
    1.61268363
     1.4926319
    1.41466753
    1.38096617
    1.43407971
    1.41763927
    1.51523544
    1.45429621
    1.63027339
    1.15042012
    1.10035328
    1.04610508
   0.395611505
    0.49340362
     1.1490569
    1.30838697
     1.5069388
    1.62876786
    1.50898145
    1.04380825
   0.976541799
   0.942093237
   0.638121042
    1.35553396
    1.65837896
    1.70896096
    1.76954883
    1.75418755
    1.06773275
    1.05102854
   0.805553569
   0.956002591
    1.12152856
     1.0570891
    1.00198454
    1.73440991
     1.7694674
    1.77673859
    1.80336376
    1.45544885
    1.44249093
     1.4683016
    1.01776944
    1.63569631
    1.82784798
    1.79938658
    1.82523683
    1.84337292
    1.87772379
    1.76210134
     1.4249182
    1.00067736
    1.01711816
    1.39261301
    1.14575973
    1.38776045
    1.92712635
    1.89806261
    1.91767944
    1.94707421
    1.88701096
    1.36165396
     1.2106139
    1.29480814
    1.76123249
    1.71085605
    1.88111212
    1.87690912
    1.93662296
    1.97552634
     1.9334366
    1.82449863
     1.8722219
    1.96037088
    1.96931646
    1.69744031
    1.83287317
    1.93614208
    1.98428885
    1.97234876
    2.00255844
    2.03860045
    1.94211475
    1.87377193
    1.72243373
    1.58797434
      1.947156
    1.78584334
    1.54739203
    1.43548017
    1.54468036
    1.74612566
    1.79561169
    1.64716105
     1.8775588
    1.85357261
    1.86158158
    1.80649503
      1.844353
    1.79464148
     1.6461695
     1.1721821
    1.21171048
    1.72589085
     1.8409219
    1.89093537
    1.88445595
    1.70085623
    1.70367443
    1.76535385
    1.48006856
    1.21362778
    1.53030528
    1.69295651
    1.76900371
    1.78308808
    1.68794371
    1.68815219
    1.65719176
    1.64546082
    1.67887809
   0.563294147
    1.28769866
    1.32167953
     1.2922254
    1.27487737
    1.31426309
    1.34407973
    1.18245464
    1.21606771
    1.18606107
    1.16311159
     1.1644357
    1.15129765
     1.0762552
    1.10413516
    1.17042476
    1.09441848
    1.13127404
    1.17503138
   0.952299875
   0.602585967
   0.980935032
   0.767407047
   0.983985387
    1.01095967
   0.971661301
    1.00477804
    1.03975169
    1.04703615
    1.06586683
   0.975883789
    1.04381738
    1.00089569
    1.00025772
   0.992736935
   0.990877869
   0.977878074
    1.00398515
    1.00932107
   0.925462307
   0.746382185
   0.871088792
   0.391368879
   0.470202139
   0.407706436
   0.132402312
   0.830271882
    2.01014634
    2.25895273
    2.02879025
    2.03143215
    2.31736829
    2.13867301
    2.08391042
    1.67814728
    1.66772758
    1.59981898
    2.41039096
    2.86965184
    3.04321883
    2.08255405
    1.54674553
     2.2312032
    2.40532757
    3.15315372
     2.8291544
    2.66599578
    2.86889361
    2.33605813
    1.98073658
    2.27714799
    2.26329994
    2.78313734
    3.37950935
    2.85010271
    2.71577851
    2.67904442
    2.62118039
    3.13001261
    2.56355492
    2.94711373
    2.92464549
    3.29593257
     3.3739542
    2.82375881
    3.04072153
    2.54650441
    2.74661678
    3.03191652
    2.73570145
    2.94565265
    2.95278139
    2.82681174
    2.91535104
    2.89740835
    2.38771559
    2.56565225
    3.24680332
    2.92557727
    2.94468298
    2.32968139
    3.05304622
    3.03092495
    3.04509401
    3.73180716
     2.7922219
    2.67508088
    3.51580671
    3.24022152
    2.99231489
     2.8522954
    2.89069461
    3.40329498
    2.93277002
    3.19164411
    2.90064986
    2.65356774
    2.44270277
    3.04074842
    3.75519977
    2.19169623
    3.49402995
    2.21424004
    2.69242736
    2.32916752
    2.98766257
    2.88925183
    2.44372579
    2.53409977
    2.28493041
    2.67836287
    3.09844034
    2.39928371
    2.60758577
     2.1261533
    2.30399692
     2.2215236
    2.18225959
    2.13340087
    2.25808733
    2.08309665
    1.65056987
    1.26839185
    1.59987925
    2.23021512
    1.82760275
     2.3741909
    1.79217752
    1.57663451
    2.41047888
    2.23013181
    2.28573823
    2.14289215
    2.05230762
    2.05602464
    1.94610076
    2.00998863
    1.81085469
    1.26095641
   0.908755329
    1.37903044
    1.79416158
    1.88212102
     2.0805412
    1.93931197
    1.63052342
    2.36659118
    1.93118921
    1.74221974
    1.72540726
     1.8614904
    2.12395913
    1.70863729
    2.19210162
   0.971086294
   0.809580766
    1.16310834
    2.31438044
    1.82104857
   0.832841896
   0.822385766
   0.893845308
    1.16824449
    1.05990193
    1.20927271
   0.904016118
   0.819090801
   0.923296956
   0.633948948
   0.658831753
    1.36893632
    1.51088736
    1.19838987
    1.41619446
    1.10727026
    1.06612794
    1.02035788
   0.930049659
   0.394667223
   0.361312015
   0.655992881
   0.582040569
   0.387079419
   0.435869781
   0.522662061
   0.563659097
   0.520162987
   0.667570815
   0.880621949
   0.603193724
   0.471453179
   0.959051336
   0.756749603
   0.804032305
   0.548787024
   0.513242349
   0.412531042
   0.335813575
   0.585996777
   0.660454158
   0.749633971
   0.858587116
   0.612598068
   0.735492144
   0.745453065
   0.713928999
   0.430609841
   0.256754972
   0.500679212
   0.478742746
   0.606143863
   0.461667802
   0.234351098
   0.530510076
    0.34149339
   0.268964992
   0.245041137
   0.414647324
   0.638556454
   0.485785681
   0.344837292
   0.249266069
   0.506206004
   0.397423415
   0.246484873
   0.502216054
   0.437377782
   0.618700033
   0.447991468
   0.522784643
   0.489381024
   0.629086276
   0.543414758
   0.504495897
   0.439366136
   0.679971938
   0.538877034
   0.333377128
   0.309635566
   0.352618403
   0.308247318
   0.392368266
   0.293769188
   0.379181111
   0.326296929
   0.432676265
   0.524752201
   0.559843369
   0.439105586
   0.317159417
    0.46876913
   0.553700044
   0.400458847
   0.238039708
   0.371777368
   0.325562693
   0.549731111
   0.543448714
   0.544395753
   0.619582007
   0.604384936
   0.387184697
   0.432176243
    1.21264974
    0.72749087
   0.720151902
   0.701220896
   0.364278843
   0.353769682
   0.792106562
   0.701948267
   0.937845314
   0.434982122
   0.427751527
   0.485813417
    0.55001754
   0.758244615
    1.12375758
   0.695613238
   0.646246861
   0.897203805
    1.11140946
      0.998859
    1.05146643
    1.07383674
    1.06253513
    1.04309954
    1.09142603
    1.14651616
   0.954635619
    1.06630652
   0.855791692
    1.09351954
    1.34711168
    1.29467296
    1.21993593
     1.2954555
    1.54944842
   0.991858965
   0.731548364
   0.708519201
     0.9264297
    1.01361423
    1.31234842
    1.40247849
    1.96711596
     1.4899498
    1.49276714
    1.91851597
    1.45869928
    1.51882642
    1.56576188
    1.64351631
    1.23380705
    1.88727542
    1.86210877
    2.10471663
    1.95807372
    1.62309009
    1.92469997
    2.38635678
    2.31528359
    2.17864996
    2.65235125
    2.12292607
    1.89877881
    1.71498624
     1.7588633
    1.95895951
    2.00442835
    1.63254357
    1.91054587
    1.94380956
    1.93637853
    2.16797331
    1.53666367
    1.71605352
    2.48260277
    1.95689357
    1.52100745
    2.36309994
    2.48690098
    1.77904359
    1.48690757
    1.00682834
    1.05100539
    1.03089617
    1.18535802
    1.65389368
    1.73642055
    1.99050863
    2.75225254
    3.02259717
    2.23364091
    2.34599958
    2.06598858
    1.69254359
    1.96721439
    2.77848173
    1.77739197
    2.35390121
    3.21647156
    3.04192039
    3.02569922
    3.45695474
    3.22546595
    3.30939108
     3.5334628
    2.74741916
    2.44898883
     1.7578991
    1.26632599
    1.51163248
    2.28402766
      3.335921
    2.44610234
     2.7948311
    3.00331454
    2.75635534
    2.81598892
    2.63066715
    3.35024829
    2.35213145
    1.57216169
    1.06087952
    2.34145586
    3.62752147
    4.11303249
    3.88635891
    3.32362364
    3.07057252
    3.11953743
    3.01089118
     2.8659914
    1.87774418
    1.49061279
    1.34642963
    1.70755481
    1.63474862
     2.7114674
    2.05043178
    3.32466349
    3.11100312
    3.24133788
    2.02828415
      1.241679
    2.02726506
    1.37554033
    2.53381257
    2.85367349
    3.57750438
    4.33998364
    4.18617006
     2.8394395
    2.96924933
    3.02578648
    2.93683935
    2.87025907
    2.65264196
    2.42776031
     2.9740132
    3.10799098
    3.24030092
    3.34700067
     3.5482063
    3.15603698
     3.2742785
    3.39156258
    3.02624609
    3.34930706
    3.60185897
    3.23176583
    3.65790475
    3.33384754
    3.25155703
    3.79011072
    2.82363149
     3.8672316
    3.97653854
    2.98074179
    3.06498955
    3.16052785
    2.99025771
    2.80867021
    2.99690146
    3.31254056
    3.19321302
     3.4641477
    3.50358893
    3.12149766
      4.169856
    2.96646108
    2.61779755
    3.00963337
    2.88905998
    2.66013987
    3.09219732
    2.82871506
    3.00161526
     2.6009169
    2.92913794
    3.46051995
    3.28272991
    3.25339881
    2.71320418
     2.8913902
    2.20811996
    2.40616107
    3.10381259
    3.01522692
    2.98332509
    2.87854039
    3.33990864
    2.93446601
      2.878625
    2.94206838
    2.94527873
    2.70730689
    2.76983967
    2.75678049
    3.03880128
    3.54182648
    2.86714998
    2.69804128
    2.48346802
    2.83944298
    3.20387253
    2.64077033
    3.45312133
    2.50477273
    1.90603588
    2.33044084
    1.71183461
    2.27755532
   0.917053188
    1.27629581
    1.51838696
   0.902589253
    1.30383248
    1.03844388
    1.40399587
    1.39094094
    1.96015566
     1.7147228
    1.63138931
    2.37144259
    2.43824478
    2.39059773
    1.71259307
    1.95909221
    2.12577313
    1.83538131
   0.717198245
    1.38967855
     1.4826016
    1.77945427
    1.66272092
    1.57637023
    1.44145374
   0.869425138
   0.953160268
   0.600385862
    1.14989633
    1.21266529
    1.67181491
    1.69577143
     1.5563423
    2.03478296
    2.12912796
    1.46800952
    1.25796028
    1.57644108
   0.507505039
   0.473299534
    1.14535512
   0.535836069
   0.576526005
   0.388887043
    0.48202142
   0.830368421
   0.885897123
    1.01454518
   0.902937738
   0.741659356
   0.611236602
    1.38102301
    1.10548672
    1.28541285
    1.32996591
    0.45844417
   0.843033013
    1.94150455
   0.949207687
   0.680184976
   0.650299258
     0.9574407
    1.21789739
   0.961239282
   0.877508156
    1.00142711
   0.637471202
    0.48459999
   0.624822699
   0.632500045
    0.55997081
   0.655820095
   0.564172105
    0.45091322
     0.4045877
   0.413823525
   0.391555561
   0.465860816
   0.628518996
   0.771757151
   0.183233775
   0.612652143
   0.714277916
   0.544235695
   0.428131036
   0.404009027
   0.432870692
   0.430752796
   0.429769402
   0.409991882
   0.238664533
   0.224223283
   0.903223989
   0.655338941
   0.462299148
   0.226927259
   0.217155208
   0.370542087
    0.49663293
   0.561743854
    0.35000459
   0.295211725
   0.248559095
   0.449771285
   0.307446663
   0.276301175
   0.361031364
   0.396726044
   0.296081465
   0.509673978
   0.407350938
   0.489811739
    0.40744624
   0.282274302
   0.187663854
   0.357958922
   0.459513633
   0.632707258
    1.20058336
    0.67063553
   0.278498529
   0.232772817
   0.266061356
   0.280923309
   0.907971205
   0.387893648
   0.283332649
   0.238809885
   0.251390722
   0.591115073
   0.806633685
   0.546184139
   0.282219871
   0.393878075
   0.462784837
   0.847816882
    1.00667842
   0.965563251
   0.677114385
   0.666775762
   0.828917948
   0.596441789
   0.796106337
   0.577015863
   0.379746831
   0.379624652
   0.537499595
   0.496465631
   0.388705581
   0.742695447
   0.675323991
   0.453610831
   0.930628074
   0.867373578
   0.695047131
   0.684355163
   0.404735107
   0.394924395
   0.211345662
   0.467461449
   0.941767595
   0.887188837
   0.690447523
   0.654768519
    0.52574437
    0.93702692
   0.917317778
   0.956369379
    1.15628559
    1.07284668
    1.14324887
   0.996365665
    0.61618632
   0.831266103
   0.363605314
   0.490312606
   0.269610952
    1.29108079
    1.48824891
    1.14472511
    1.16616819
   0.951818083
    1.01870471
    1.15406013
    1.01814664
   0.990028881
    1.39374708
    1.36680169
    1.02757737
   0.944124324
    1.03947509
    1.08280598
    1.14181991
   0.872228354
     1.3293616
    1.19179783
    1.30339065
     1.3089762
    0.99843311
    1.61715189
    1.08755044
    1.50633085
    1.30354382
    1.30495933
    1.28178718
    1.75877295
    1.68923451
    1.84203408
    2.13989182
     1.6915828
    2.20307479
    1.95225018
    2.40174539
    2.09292836
    1.08227665
    1.25514752
    1.54026428
   0.899661076
    1.19895948
    1.17326647
    1.31589678
   0.876786342
    1.45177916
    1.00129491
    1.54279611
    1.48787074
    1.80042126
    1.69906492
     2.2582848
    2.49568561
    1.94546035
    2.06422166
    2.20749767
    2.90962777
    3.04800192
    2.34085602
    1.87010432
    1.37040276
   0.942881586
     1.6677375
    1.73261053
    1.30145304
    1.41914468
   0.977209132
   0.717419106
      1.767482
    1.70255724
    1.93610092
    2.01560872
    3.03451545
    3.08210536
    2.74806535
    2.34282747
    2.15281512
    2.53157893
    1.51977487
     2.0254991
    1.75078185
    2.07783299
    2.13623406
    2.11242441
    2.30593899
    2.50102717
    2.72445291
    3.33136044
    2.66786776
    3.36308125
    2.43047029
     3.1132082
    2.42606441
    2.43467405
    1.56636442
    1.31184049
    1.51126437
    1.41808134
    1.83355374
    1.54429814
    1.93305955
    1.88228593
    1.83617512
    2.26256612
    2.33324904
    2.47038642
     2.4734487
    2.52533311
    3.02006364
    1.44199219
    2.49536338
    2.11060482
    2.63037692
    2.86031312
    2.87106463
    2.77680545
    2.37002727
    2.29459016
    2.86654374
    3.55132906
    2.95139497
    3.03569871
    3.87096886
     3.2511635
     3.3802865
    3.87670231
    3.92905836
    3.31719703
    3.17727769
    2.98108209
    3.08343612
    3.35049496
    3.32486101
    3.44538391
    4.06171087
    3.33546371
    2.93008913
    3.45558177
    3.20227983
    4.01806937
     4.3388242
    3.01590247
    3.30703309
    3.79630866
    3.15566714
     3.4861633
    3.91016797
    3.26108471
    3.30045695
    3.51821096
     3.6138418
    3.32123064
    3.22458176
    3.00415681
    3.53176016
    4.35671829
    3.68458506
    3.03817036
    3.71947256
      2.839643
    2.69901341
    3.03004476
    2.21937496
     3.0236475
    2.78857557
    2.74272202
    2.98960406
    3.57984951
    2.77424783
    2.91912716
    3.11418479
    4.47268423
    3.06706553
    2.72081051
    2.60320924
    2.85115204
    3.02518866
    1.13483443
    1.94847582
    1.95362787
       2.38693
     2.9800296
    2.44794531
   0.958739338
    1.87693424
    1.65807898
    2.00709677
    2.09589104
    2.88280537
    2.26290384
    2.39373189
    2.45407265
    1.27445463
    0.63362438
    1.39771817
    1.58207163
     1.0405423
     1.2124319
    1.55581832
    1.03991465
    1.60107709
    1.76289589
    1.73866239
    1.51858565
    1.50741666
    1.91791038
    1.35609016
    1.90416164
    1.77271422
    1.93816359
   0.552701995
    1.39139636
    1.42404506
   0.874291934
    1.22957894
    1.63489784
   0.594807464
   0.703657453
   0.596034108
   0.912940376
    1.03304694
   0.998851704
    1.10430578
    1.05327975
     1.2364618
    1.15865106
     1.0412816
    1.23367885
    1.11536872
   0.807960096
   0.958684531
   0.864292789
     1.2598197
   0.983134582
    1.08211123
    1.13590924
   0.403514281
   0.334688705
   0.357045274
   0.879095483
   0.692888977
   0.704095917
   0.795050884
   0.489783888
    0.87241138
   0.663502162
   0.264167067
   0.595358605
    0.93372713
   0.368793645
   0.247234388
   0.599299163
   0.550108897
   0.476244011
   0.438460138
   0.578972738
   0.418048753
   0.206736119
   0.639098298
   0.331551724
   0.302099045
   0.372469459
   0.399100188
   0.327961256
   0.526694886
   0.297438891
    0.48441896
   0.256013311
   0.291027815
   0.167694758
   0.401870994
   0.295884548
   0.223508175
   0.269352019
   0.446467313
   0.412650493
   0.456869521
   0.167547368
   0.351303563
   0.389875414
   0.277468025
   0.390903804
   0.735984666
   0.610531708
   0.460144919
   0.491263532
   0.299440486
   0.218622415
   0.437593234
   0.245888349
   0.221514815
   0.226169122
   0.305455614
    0.43922607
   0.403240094
   0.410831962
   0.279918423
   0.293986004
   0.310924694
   0.264617495
   0.245639005
     0.3104568
   0.244496693
   0.200037808
   0.245717714
   0.360635485
   0.393311884
    0.33795717
   0.205259238
    0.17663143
   0.258758925
   0.210882394
   0.254596282
   0.207265699
   0.186122176
    0.22468522
   0.273261329
   0.274019228
   0.251009349
    0.36794212
   0.750659412
     0.8480683
   0.738229684
   0.795412541
   0.538437719
   0.388976231
   0.229766691
   0.254319709
   0.245085607
   0.221537968
   0.476476562
   0.526672407
    0.55612798
   0.488597107
   0.561106636
   0.738863216
   0.724508124
   0.899875546
     1.0062046
   0.486330012
   0.786008163
    1.07124608
   0.516866098
    0.22626462
   0.365936813
   0.264944062
   0.227684341
   0.658201719
   0.471974159
   0.458221892
   0.388782085
   0.251406691
   0.997900554
   0.772694856
   0.822661701
   0.765330295
   0.926173415
    1.41896519
     1.2501669
   0.940493445
    0.82721942
   0.855409939
   0.492048696
   0.583788868
   0.859843045
     1.0302776
   0.989506985
    1.18618415
    1.65293699
    1.12368243
   0.478582219
   0.360121738
   0.360519031
   0.987015256
   0.751445086
   0.848477037
   0.947999968
    1.33843671
    1.65077357
    1.48084904
    1.49701236
   0.850864573
   0.809827907
    1.04581963
     0.7734367
   0.730372156
   0.331676646
    1.04510268
   0.875356971
    1.14652436
     1.9476506
    1.30573777
     0.4186341
   0.867376401
    1.65151973
     1.7278575
    2.18951277
    2.01689389
    2.10383698
    1.61982433
     1.8255296
    1.69033099
    1.56174698
    1.99200183
    2.48064441
    1.53593519
    1.41570144
    1.81169456
    1.05181082
   0.839140286
   0.857337886
   0.718990254
   0.988394041
    1.16440636
    1.42153194
     1.3811534
    1.83746901
    1.82938065
   0.892530633
   0.724544671
    1.12562059
    1.86768799
    2.03709873
    1.81681735
    1.88052621
    1.79431309
    1.50052919
     1.9446558
    2.11711326
    2.25252343
    2.80173764
    2.39933743
    2.03811671
    2.70280025
    3.15836216
    2.32941695
   0.945235351
    1.83079145
    1.42430965
    2.12400093
    2.20659214
    2.19930229
    2.09289521
    2.41312668
    2.22790578
    2.16799063
   0.957217371
     1.9786829
    2.28550863
    1.67545969
    2.32179537
    3.55909902
    3.10704418
    2.44867697
    2.20877659
    2.20363435
    1.44513258
    1.61355066
    2.29368329
    1.31197078
    2.13989641
    2.53865394
     3.2752551
    2.85446806
    2.75226813
    3.37386328
     2.7639887
    2.93069007
    3.13098425
    2.85810159
    3.48756992
    3.60169557
    3.45639871
    2.91983147
    3.20566027
    2.94903087
    2.91215808
    3.90166643
    3.48228865
      3.184786
    2.78819923
    2.98278095
     3.6530555
    3.00197742
    2.76893201
     3.6504838
    3.49283948
    3.27156369
     2.5247324
    2.56537394
     2.7427281
    3.06948878
    2.66948424
    3.00290383
    2.54550906
    3.21589539
    3.67089036
    3.32936754
    3.08067262
    3.18736036
    3.42376873
    3.06224269
    3.38523919
    3.03500271
    3.16384587
    2.98986538
    2.99500397
    3.63690111
    2.82514985
    3.77488937
    2.89614918
    2.85509684
    2.59202666
    1.66143007
    2.45361279
    3.35082484
    3.24899173
    2.21955728
    3.39676617
    2.94119145
    3.42433692
    2.70364627
    2.91006952
    2.72264463
     3.6040484
    3.20836962
    2.37569585
    3.17415395
    3.05215783
    3.01103524
    2.75966815
    2.91450187
    1.13868854
    1.16726818
    2.04608579
    2.45182128
    2.75164423
    2.72572017
    2.22623554
    2.70729249
    2.45909176
    2.95999125
    1.96921447
   0.978025191
    1.12637718
    1.28537194
    1.88210226
    1.70649468
    2.27589932
    2.42761208
    2.15856755
    3.09063517
    2.85527672
    1.90491572
     1.8635764
     2.2895451
    2.00898977
    2.36658763
    1.81276125
    2.16121294
    2.14799239
    2.23192811
    2.05523502
    2.36237411
    2.04016973
    2.45292295
    1.63136954
    1.57664797
    1.78342782
    1.50985858
    1.97001156
    2.15142154
    1.83321509
    2.01749236
    1.99918473
    1.82368945
    2.09568618
    1.82546103
    2.46073556
    1.97000153
    1.90320015
    1.92841333
    1.45197089
    1.69994901
    1.65795801
    1.72285175
    1.65028266
    1.60956717
    1.24635907
    1.49930601
    1.65914336
    1.25091045
    1.83804749
    1.09241824
    1.52003283
   0.963140755
   0.870922734
   0.583891415
   0.569253782
   0.741808615
   0.895982111
   0.546857404
   0.679642623
    1.00202595
   0.486161713
   0.284313296
   0.403829793
   0.415979481
   0.676997912
   0.777128913
   0.702333123
   0.590755878
   0.279664061
   0.521541512
   0.746407091
   0.977864739
    1.22462213
   0.629113057
   0.240423841
   0.404699411
   0.557046891
   0.584197897
   0.207869724
   0.375663013
   0.221232045
   0.351886848
    0.61817245
   0.326128578
    0.48632966
   0.372362799
   0.241678816
   0.287467821
    0.35275392
   0.324172939
   0.428248449
    0.42872396
   0.337741645
   0.280077334
   0.380194103
   0.329010765
   0.433107546
   0.220324032
   0.246317078
   0.177098264
   0.186838386
   0.267746224
     0.2351756
   0.228611731
   0.380478435
   0.223551841
   0.428359662
   0.275642754
   0.394546924
   0.255158641
   0.278579626
   0.174636187
   0.228319496
   0.510903365
   0.482811723
   0.360446155
   0.397857488
   0.455652778
   0.455351891
   0.356695926
   0.423810165
   0.188013966
   0.301131331
   0.235703002
    0.42370328
   0.288853798
   0.402678825
   0.386243492
   0.213593865
   0.247751764
   0.189711912
   0.251258668
   0.227978711
   0.560215437
   0.610621724
   0.356066695
   0.273624507
   0.484493674
   0.570324644
   0.592495344
   0.366880573
   0.613077771
   0.288679897
   0.503748227
   0.774330977
   0.582762663
   0.385348135
   0.626935229
   0.877414244
   0.938845263
   0.686456821
     1.1412089
    0.40551926
    1.14637178
    1.05147005
    1.15893925
      1.069866
    1.17671606
    1.01880813
     1.0211838
   0.967944699
   0.911531522
    1.55136463
    1.44136949
    1.13185652
    1.08589347
    1.11631356
    1.18266884
    1.11136145
    1.19982453
    1.10905818
    1.34670862
    1.20157539
    1.41169258
    1.57347688
    1.14838051
    1.59402009
    1.30345442
    1.36614665
    1.28785516
    1.45213572
    1.14792509
    1.48014523
   0.923364128
   0.673923915
    1.41034434
    1.25491243
    1.21619324
    1.73188308
    1.99324618
    2.18077321
    1.91091168
    1.51980643
    1.40237746
    1.81223758
    1.80942509
    1.33931115
    0.98126174
    1.83249664
    1.94396315
    2.09236816
    1.10469407
    1.43794483
    1.83237953
    1.70620962
    1.69185802
    1.97970357
    2.56800838
    2.79086696
    2.77055341
    2.47292166
    1.57814098
    1.74898754
    1.17018749
   0.893363516
   0.998484554
   0.604859254
   0.760385937
   0.655603759
    1.53804103
    2.34107127
      1.395634
   0.925051758
     1.0293902
    1.80036479
    1.65634708
     2.2110002
     2.4728698
    2.06205069
   0.600887752
    1.39389065
    1.74192572
    1.33864662
    1.77237277
    1.32488727
    1.91479942
   0.906598555
   0.983892315
   0.507115174
   0.613271604
   0.770995222
    1.75441805
    1.52660606
    1.86690678
   0.816199238
    1.17113388
    1.71525381
    1.37240427
    1.41052561
    1.71642005
    2.70071702
       2.83575
    2.11935298
    2.18703496
    2.63642396
    3.07030443
    2.29278121
    2.30840399
    3.04885697
    2.15133932
    1.77899954
    1.88206176
     2.3113927
     1.7037804
    2.14756713
    2.39013125
    3.04723939
    2.24701161
    2.19402855
    2.34081039
    2.84239479
    2.46074061
    2.64901611
    3.17797294
    1.52122509
    2.43533594
    2.62390718
    2.86221493
    2.25178952
    2.50245302
    2.78629434
    2.38649923
    2.37827816
    3.25474108
    2.52528027
    2.50384743
    3.54065546
    3.30427964
    2.80785514
     2.9631932
    2.01643222
    3.02103824
    2.95266982
    3.48476116
    2.91891688
    2.90837282
    3.24039823
    3.35819152
    2.46991759
    4.34504348
    4.14123086
     3.2709614
    2.55376598
    2.64057407
    2.97740263
    3.55051943
    3.22635824
    3.46996441
    2.95108739
    3.02788823
    2.61554755
    3.40061599
     2.9376391
    3.16598485
    3.74199975
    3.68231819
    3.61459071
    2.87187487
      3.496695
    3.17854289
    3.86677221
    4.23501084
    3.43752785
    3.23005633
    3.56223523
    3.36909588
    3.18277281
    3.08862826
    2.65246086
    1.44372169
    2.55343362
    3.08449209
    2.82255766
    3.98842009
     3.5342086
    3.11390508
    3.26206328
    3.44156764
    2.81514769
    2.16032311
    2.48650619
    2.88985573
    3.27919802
    3.76087787
    4.24231115
    3.03141338
    2.64304591
    2.90464536
    2.22850096
    2.49484277
    3.38429364
    3.28507008
    3.14337445
    3.30657082
    3.64974669
    3.06049431
    2.93849694
    2.60898543
    2.68116358
     2.2123643
    2.98616327
    2.33527703
    3.06603295
    2.87787166
    3.47350395
    3.21681638
     3.5525695
    3.17042949
    2.99749815
    2.73335317
    2.54116958
    1.01092309
    1.13573657
   0.998825605
    1.28729063
    1.56386707
    1.99319896
    1.33686285
    1.73384345
    1.34512873
    1.12381786
    0.98800422
    1.02894476
    1.21912853
    1.14991336
    1.11610743
    1.27217617
    0.73874003
   0.706630291
   0.543376424
   0.687181521
   0.809422733
   0.430492924
   0.595621862
    1.02597657
    1.09659504
    1.05464563
    1.10779705
    1.11194185
    1.14496437
   0.838280647
    1.08647009
    1.03526569
   0.902634629
   0.826817789
   0.736128032
   0.800575354
   0.748234196
   0.528309247
   0.831863147
   0.857519444
   0.386677702
   0.244124357
   0.508654986
    0.65104511
   0.825193831
   0.638818271
   0.829193301
   0.311529974
   0.512843058
   0.342175728
   0.645081485
   0.649476934
   0.679690077
   0.254672492
   0.592507629
   0.378210191
   0.529887953
   0.370017228
   0.289687261
    0.47130683
    0.56957537
   0.335428158
   0.287794207
   0.388850046
   0.359324891
   0.480457246
   0.544082177
   0.532388109
   0.529577568
   0.468316675
   0.505491386
   0.339864093
   0.435567251
   0.542330289
   0.326835468
   0.440710356
   0.478530284
   0.363889357
   0.271895736
    0.27132766
   0.380268897
    0.35241178
   0.409524064
   0.423065863
   0.225802141
   0.277736943
   0.397569839
   0.414618749
   0.331508789
   0.312830454
   0.262803693
   0.261903058
     0.3902482
   0.369718138
   0.282645111
   0.203213438
   0.271319686
   0.215988922
   0.232728041
   0.294616492
   0.226680351
   0.312306294
   0.217176075
   0.266546415
   0.352593299
   0.266205495
   0.301766147
   0.370403242
   0.452748717
    0.34094811
   0.299586207
   0.332665614
   0.317309138
   0.297710201
   0.288990987
   0.236513218
   0.403483868
    0.37934474
   0.423936631
   0.432785209
   0.438576885
   0.376829171
   0.430569237
   0.441093928
   0.259422856
   0.437062115
   0.306692565
   0.281060922
   0.294265786
   0.392479255
   0.364514004
   0.220597243
   0.300886396
     0.2674564
   0.254958247
   0.227001631
   0.348692695
   0.280747041
   0.255951405
   0.455708653
    0.26402885
   0.543669014
   0.252455429
   0.499980255
   0.562412098
   0.517307277
   0.574016342
   0.517907592
     0.5462716
   0.540725201
   0.632336714
   0.537646807
   0.560019777
   0.564316294
   0.609890269
   0.520599542
   0.297625486
   0.466585584
   0.525678188
   0.691011892
   0.709979088
   0.678806476
   0.610486182
    0.41802657
   0.585168165
    0.43127477
   0.440285728
   0.506596237
   0.315799508
   0.559096969
   0.586956639
   0.673168897
   0.697207221
   0.325841655
   0.456502905
   0.691776877
   0.730057739
   0.646177188
   0.373997216
   0.433321905
    0.64301057
   0.636451153
    0.38740243
   0.704708976
   0.610325944
   0.665286889
   0.662064368
   0.705320221
   0.837087598
   0.888805565
   0.511619871
   0.512117505
   0.783963793
   0.400517254
   0.958615662
   0.963408997
   0.760831027
    0.69820642
   0.658405972
   0.478868598
   0.478877179
    0.75668127
   0.635251914
   0.577357165
   0.829450991
   0.577811553
   0.735299644
   0.795359937
   0.505923858
   0.841974503
   0.771524325
    1.10087662
   0.623923735
   0.701012448
   0.748889693
   0.707906779
   0.726633227
    1.03770117
    1.40473732
     1.4932821
    1.39528526
    1.46428993
    1.60161278
    1.48240387
    1.38235157
    1.36149208
    1.42513883
    1.39426969
    1.49643298
    1.44626989
    1.61341027
     1.1433558
    1.07827803
    1.01979596
   0.384648763
   0.485041333
    1.14097145
    1.29544805
    1.49033684
    1.61752226
    1.50204326
    1.03216899
   0.965877197
   0.931178663
   0.631017124
    1.34555242
    1.63437015
    1.66927897
     1.7248359
    1.68658448
    1.02274995
   0.989413766
   0.759353991
   0.881578081
    1.04450515
   0.982794687
   0.933150732
    1.59349707
    1.60956662
    1.60545842
    1.62088282
     1.2958162
    1.27248523
    1.27402032
   0.882692414
    1.41800445
     1.5798677
    1.56248113
    1.58873857
    1.61667763
     1.6588786
    1.56514623
    1.27058006
    0.90131453
    0.91165689
    1.24729897
    1.03607136
    1.25388612
    1.74718184
    1.72346437
    1.74857616
    1.78408993
    1.73312009
    1.24152413
     1.1234286
    1.19952475
    1.62826426
    1.58350993
    1.74534681
    1.73593761
    1.79251824
    1.82988285
    1.78833724
    1.68792477
    1.73240273
    1.81547633
    1.82926449
     1.5756973
    1.70053688
    1.79813956
    1.83949934
    1.83118948
    1.86263024
    1.89684697
    1.80458882
    1.74024045
    1.60118418
    1.47473768
    1.80818042
    1.65948067
    1.43735666
      1.335417
    1.43514576
    1.61931442
    1.66829077
    1.53054949
    1.74302908
     1.7211834
    1.72727372
    1.67126468
    1.71223492
    1.66305647
    1.52549418
      1.085599
    1.11952356
    1.60171249
    1.71206157
    1.75732164
    1.74763025
    1.56934518
     1.5806101
    1.63992587
    1.37357979
    1.12720726
    1.40935192
    1.56747835
    1.64323795
    1.65670656
    1.56956538
     1.5705304
    1.53616945
    1.52801936
    1.55933076
   0.527257951
    1.19705883
    1.22936499
    1.20143992
    1.18446713
    1.22544293
      1.253521
    1.09734116
    1.12591936
    1.09982518
    1.07648701
    1.07862343
    1.06485796
   0.996864523
    1.02466579
    1.08678873
    1.01338279
    1.05022844
    1.09399865
   0.887472464
   0.564511463
   0.908707563
   0.714113079
   0.915346184
   0.946524122
   0.913217718
   0.942945534
   0.982855943
   0.995009674
    1.01666699
   0.932649556
    1.00159661
   0.963518856
   0.966541476
   0.962043414
   0.963770742
   0.954639309
   0.985136285
   0.993317454
   0.911392494
   0.736479678
   0.861351186
   0.386062092
   0.464974257
   0.403175489
   0.130950287
