#
           3.2
           0.2
             0
             0
             0
             0
             0
           0.2
           0.2
           2.4
           0.2
             0
           0.2
             0
             0
             0
           8.2
             0
             0
           0.2
             0
             0
             0
          24.6
           0.2
             0
             0
             0
             0
             0
             0
             0
             0
             0
             0
             0
             0
             0
             0
             0
             0
             0
             0
             0
             0
             0
             0
             0
             0
             0
          10.6
             0
             0
             0
             0
             0
             0
             0
             0
             0
             0
             0
             0
             0
             0
             0
             0
             0
             0
             0
             0
             0
             0
           0.4
             0
             0
             0
             0
             0
             0
             0
             0
             0
             0
             0
             0
             0
             0
             0
             0
             5
             0
             0
             0
             0
             0
           0.4
           8.4
             0
             0
             0
             0
             0
           0.2
             0
             0
             0
             0
             0
             0
             0
             0
             1
             4
           2.6
           0.2
             0
             0
             0
             0
             0
             0
             0
             0
             0
             0
             0
             0
             0
            12
           1.4
           0.2
             0
           1.4
           4.4
           0.2
             0
           0.2
             0
           0.2
           0.6
             0
             0
           5.6
           7.4
             0
             0
             0
           0.2
             2
             0
             0
           2.4
             9
             0
             0
           5.4
           7.6
             0
           0.2
           3.6
             0
             0
           0.2
           0.4
             0
           0.2
             0
           0.2
             0
             0
           0.2
           0.2
             0
           0.2
             0
           0.2
             0
           0.2
             0
             0
             8
           2.4
           0.6
           0.4
           0.2
           5.2
           0.8
           1.2
           2.4
            11
             0
           0.2
             0
           0.8
           0.2
          12.8
           0.2
           1.6
             0
           0.2
             0
             0
           0.2
             0
           0.2
             0
             0
           0.2
             0
             0
             0
             1
           0.2
           1.8
           2.2
           2.2
           3.4
             0
             0
             0
             0
             0
             0
           0.2
             0
             0
           0.2
             0
           2.8
             0
             0
             1
          12.2
             1
           0.6
             6
           3.8
           0.4
          11.4
           2.4
           0.4
             9
           5.8
             0
           0.4
           6.2
           0.8
             2
           4.8
           2.4
           0.2
             0
           0.4
           6.6
             0
           0.2
             0
           0.2
             0
           0.2
             0
             0
             0
             0
           0.2
             0
             0
           0.2
             0
             0
           0.2
             0
             0
             1
             6
             0
           2.8
           1.6
             0
             0
             0
           0.2
             0
             0
             0
             0
             0
           0.2
             0
             0
             0
             0
             0
             0
             0
             0
             0
             0
             0
             0
             0
             0
             0
             0
             0
             0
             0
             0
             0
           0.2
             0
             0
           3.2
           4.4
           0.2
             0
           0.2
           4.8
           4.2
           4.2
           0.6
           0.8
             0
             0
             0
             0
             0
             0
             1
           1.2
             0
           0.2
             0
           3.4
             0
             0
             0
             0
             0
             0
             0
             0
           0.2
             0
           6.4
             0
           0.2
             0
             0
             0
             0
             0
             0
             0
             0
             0
           1.4
           6.8
           0.2
             0
             0
             0
             0
             0
             0
             0
             0
             0
             0
           0.4
             2
             1
           5.4
           2.8
           0.2
             0
             0
             0
           1.6
             0
           0.2
             0
           0.6
             0
             0
             0
             0
             0
             0
             0
             0
             0
             0
             0
             0
             0
             0
             0
             0
             0
             0
             0
             0
             0
             0
             0
             0
             0
             0
             0
             0
             0
             0
             0
             0
             0
           5.2
           0.8
             0
             0
             0
             0
             0
             0
             0
             0
           3.5
             0
             0
             0
             0
             0
             0
             0
          0.11
             0
             0
             0
             0
             0
             7
         15.37
             0
             0
             0
             0
             0
             0
             0
             0
             0
             0
             0
             0
             0
             0
             0
             0
             0
             0
             0
             0
             0
             0
             0
             0
           2.4
             0
             0
             0
             0
             0
             0
           0.2
             0
             0
             0
             0
             0
          0.01
             0
             0
             0
             0
           0.2
           4.2
          0.17
          5.24
          0.01
          0.01
           0.8
          0.02
          2.57
         17.96
          41.3
         13.39
          0.22
          0.05
          0.01
          0.02
          0.02
           0.6
            11
           0.2
             0
           3.8
           2.8
         17.52
          8.36
           4.9
           0.2
          0.12
          0.68
          0.43
             0
          0.02
          0.11
          0.31
           0.3
          3.31
          0.11
           0.3
          0.03
             0
          0.37
             0
          0.05
             0
          0.05
          0.05
           0.3
           3.3
          3.54
          9.06
          6.47
         25.34
             0
           0.3
          1.51
          1.62
           0.2
           2.1
           2.6
          1.81
             0
          0.49
             0
          0.19
             0
             0
          4.23
             0
             0
             0
             0
             0
             0
             0
             0
           1.6
           1.6
           0.2
           3.6
           0.8
             0
           0.8
           0.6
           1.4
           0.2
             0
             0
           0.4
           0.2
           0.8
           0.8
             0
           0.2
             0
             0
             0
           0.2
             0
             0
           0.2
           0.2
             0
             0
             0
           0.8
           2.4
           0.4
           0.2
           0.4
           0.2
             0
           0.2
             0
             0
             0
             0
             0
             0
           0.2
             0
             0
             0
           0.2
             0
           0.2
             0
           0.2
           0.2
             1
          5.23
          7.71
          1.84
          0.33
          0.39
           0.2
           0.2
          0.09
             0
             0
             1
           2.9
          0.93
          2.27
           8.5
           0.2
           1.2
          1.89
          3.76
          1.26
           0.2
           0.2
             0
          0.07
         16.95
           0.2
             0
             0
             0
             0
          5.15
           0.6
          0.02
             0
             0
             0
           0.2
          0.22
          2.97
          0.47
             0
          0.03
          0.22
          0.08
          7.59
         10.21
             0
          0.14
          0.01
          9.32
          19.6
          4.46
          0.02
             0
          8.72
          0.51
          3.03
             0
           0.6
          2.08
             0
             0
          0.03
          0.01
             0
             0
             0
          0.08
             2
          1.01
          4.82
          8.69
         12.75
          0.79
          0.57
             0
          0.03
          3.98
         10.89
             0
             0
             0
             0
             0
             0
             0
             0
             0
             0
          0.19
             0
           3.4
             2
          9.09
          2.66
          9.54
          1.04
             0
          6.71
          0.62
          2.19
             0
             0
          0.01
             0
          0.02
             0
             0
             0
          0.65
             0
          0.69
             0
          0.01
             0
             0
             0
             0
             0
             0
             0
             0
             0
             0
          11.4
          3.35
         17.22
          8.48
          4.53
          4.27
             0
             0
          0.04
             0
             0
          0.02
             0
             0
             0
           0.3
           6.7
          0.95
         13.11
             0
          0.52
             0
             0
             0
          0.17
          0.01
             0
             0
             0
             0
             0
             0
             0
             0
             0
             0
             0
             0
             0
             0
             0
             0
             0
             0
             0
             0
             0
             0
             0
             0
             0
             0
             0
             0
             0
             0
             0
          0.01
             0
             0
             0
             0
             0
             0
          0.01
             0
             0
             0
             0
             0
             0
             0
             0
             0
             0
             0
             0
             0
             0
             0
             0
             0
             0
             0
           9.2
             0
             0
             0
             0
           0.2
           0.2
           0.2
             0
             0
             0
             0
             0
             0
             0
             1
            38
             0
             0
             1
           0.2
             0
             0
             0
             0
             0
             0
             0
             0
          0.02
          0.06
          0.01
          0.02
          0.05
          16.8
           0.2
             0
             0
           0.6
             1
             1
           0.2
           0.2
             0
             0
           4.4
             0
             0
             0
             0
             0
             0
           0.2
             0
             0
             0
             0
             0
             2
           0.4
           0.2
             0
           2.6
           0.8
           0.2
             0
             0
             0
           0.2
          1.61
          2.26
             0
             0
             0
             0
          5.67
          0.31
          0.31
          5.66
             0
          3.75
         10.74
          7.75
          0.31
           0.6
             0
             0
             0
             0
          0.31
             0
          3.69
          0.93
          4.38
          1.22
           0.3
         23.97
          9.25
         14.79
          7.57
          2.78
             0
             0
          1.51
           0.6
             0
             0
             0
             0
             0
             0
         20.65
         20.08
         13.69
          7.39
           0.3
             0
             0
             0
             0
             0
          4.59
          1.52
             0
           0.3
          0.31
          1.55
          2.52
         22.66
          0.63
          3.78
          1.53
          5.64
             0
             0
             0
             0
             0
             0
          0.62
             0
           0.3
             0
             0
             0
             0
             0
             0
             0
          0.61
          11.2
          0.91
          1.82
             0
             0
             0
           0.3
             0
             0
             0
             0
             0
             0
             0
             0
             0
          3.55
          4.81
          2.16
         18.47
          0.62
             0
          4.98
          5.56
             0
             0
             0
             0
             0
             0
             0
             0
             0
             0
             0
          2.14
             0
             0
             0
             0
             0
             0
          1.21
             4
          2.76
         11.82
          3.37
          0.93
             0
             0
             0
             0
             0
             0
          1.26
          1.84
          5.82
          7.84
          2.49
          4.33
             0
             0
             0
             0
             0
          6.42
             0
             0
             0
             0
             0
             0
             0
             0
             0
             0
             0
             0
             0
             0
             0
           0.3
          2.15
          7.38
          5.84
             0
          2.17
             0
          1.24
          0.31
             0
           0.2
             0
             0
             0
             0
             0
             0
             0
             0
             0
             0
             0
          3.04
             0
             0
             0
             0
             0
           0.4
          4.09
           0.2
             0
          0.62
             0
             0
          0.21
          1.23
             0
             0
             0
          1.01
          1.03
             0
             0
             0
             0
             0
          0.41
          2.04
          3.83
             0
          0.81
             0
             0
             0
             0
             0
             0
             0
             0
             0
             0
             0
             0
             0
             0
             0
             0
             0
             0
             0
             0
             0
             0
             0
             0
             0
             0
             0
             0
             0
             0
             0
             0
             0
             0
             0
             0
             0
             0
             0
             0
             0
             0
             0
             0
             0
             0
             0
             0
             0
             0
             0
             0
           0.2
          5.15
             0
             0
             0
             0
             0
             0
             0
             0
             0
             0
             0
             0
             0
             0
             0
             0
             0
             0
          8.29
          2.24
             0
             0
             0
          0.21
             0
             0
             0
             0
             0
          2.63
           0.2
             0
          0.41
             0
             0
             0
             0
             0
             0
             0
             0
             0
             0
             0
             0
          1.21
             0
          2.06
             0
             0
             0
             0
             0
             0
             0
             0
             0
             0
             0
             0
             0
             0
             0
             0
             0
             0
             0
             0
             0
             0
             0
             0
             0
             0
             0
             0
             0
             0
             0
             0
             0
          3.46
          8.98
          1.46
          4.77
          1.87
           0.2
           0.2
             0
          2.05
          1.21
          6.27
         15.56
             0
          0.41
           0.2
             0
           0.4
          9.77
           0.6
          0.41
           0.2
             0
           2.5
          6.01
           0.2
             0
             0
          9.51
           0.8
          1.43
           0.4
             0
             0
           0.2
           0.2
           0.2
           0.2
           0.2
           0.2
             0
          2.93
           0.2
             0
             0
           0.2
             0
           0.4
             0
          3.28
             0
          0.83
          2.54
             4
          0.21
          1.93
          0.21
             0
           0.2
          0.21
             0
           0.2
             0
          0.21
             0
           0.2
             0
           0.2
             0
           0.2
           0.2
          0.42
          1.65
           0.4
             0
           0.4
             0
          0.41
             0
             0
             0
             0
           0.6
             0
           0.2
          2.24
           0.4
           0.2
             0
             0
           0.2
           0.2
             0
             0
           0.2
           0.2
          0.62
             0
           0.2
             0
             0
             0
          3.69
             0
             0
             0
             0
           0.2
           0.2
             0
             0
             0
             0
             0
             0
             0
           0.2
             0
             0
             0
           0.2
             0
             0
             0
             0
             0
             0
             0
             0
             0
             0
           0.2
           0.2
          1.21
          0.83
           0.2
             0
             0
             0
           0.2
             0
             0
             0
             0
             0
             0
             0
          1.04
          0.21
             0
           0.2
             0
             0
             0
             0
             0
             0
             0
             0
             0
             0
             0
          0.82
          5.95
             0
          2.48
           3.7
          12.6
          4.34
           0.2
          0.61
           1.9
          0.83
          1.65
          0.21
          4.61
          0.64
             0
             0
          1.69
          1.48
          2.49
          0.21
             0
          0.21
             0
         12.07
          4.28
           5.2
          9.85
          4.92
          0.42
          0.82
           0.2
         10.97
          4.33
          3.87
           0.2
          1.03
          9.07
             0
             0
             0
             0
             0
             0
             0
             0
             0
          2.88
          1.24
          6.91
             0
          0.41
             0
             0
             0
             0
             0
             0
             0
             0
             0
             0
          6.16
           0.2
             0
             0
             0
           0.2
             0
             0
             0
             0
             0
             0
             0
             0
             0
             0
             0
             0
          0.21
             0
             0
             0
             0
             0
             0
             0
             0
             0
             0
             0
             0
             0
             0
             0
             0
             0
             0
             0
             0
             0
             0
             0
             0
             0
             0
             0
             0
             0
             0
             0
             0
             0
             0
          0.83
          6.53
          6.55
             0
             0
             0
             0
             0
             0
             0
             0
             0
             0
             0
             0
             0
             0
             0
             0
             0
             0
          5.79
             0
             0
             0
             0
             0
             0
             0
             0
             0
             0
             0
             0
             0
             0
             0
             0
             0
             0
             0
          0.21
             0
             0
             0
         31.05
           0.2
             0
             0
             0
             0
             0
             0
             0
             0
             0
             0
             0
             0
             0
          4.42
             0
         18.11
          0.41
             0
          0.41
             0
             0
             0
             0
             0
             0
             0
             0
             0
             0
             0
          0.41
          4.29
             0
           0.2
          2.89
             0
             0
          21.3
         31.17
             1
           0.2
             0
             0
           0.2
          2.26
          4.67
         14.91
          0.21
             0
             0
          14.7
             0
          1.46
          1.22
          2.45
          6.68
             0
           0.2
          1.24
          8.15
           0.2
          2.06
          0.41
             0
           0.2
           0.2
          0.61
          2.63
          2.02
          0.41
             0
             0
          0.62
           0.2
           0.2
          4.85
         13.58
          0.61
           0.2
           0.2
           0.2
          3.41
           0.2
             0
             0
          0.62
          0.21
           0.4
           0.4
           0.4
             0
           0.2
             0
           0.2
          1.86
         21.58
          1.87
          2.52
             0
          1.21
          0.61
          1.47
          1.65
             0
             0
           0.2
          3.73
           0.2
           0.2
           0.2
          1.67
           0.2
          2.68
             0
           0.2
           0.2
           0.2
           0.2
           0.2
           0.2
             0
          1.42
           0.2
          1.21
          6.11
           0.2
           0.2
           0.2
          2.52
          2.07
             8
         16.48
           2.9
          0.42
          11.7
          2.47
             0
          3.01
           0.2
          5.83
             0
           0.2
           0.2
           0.2
          6.31
          0.21
             0
           0.2
           0.2
          0.21
           0.2
             0
           0.2
          5.56
             0
             0
             0
           0.2
             0
           0.2
          4.27
             0
           1.2
             0
          9.46
          5.14
          0.42
             0
           0.2
             0
          5.58
             0
             0
           0.2
             0
             0
          1.44
          5.24
          7.72
         10.08
          8.19
          6.88
          2.34
          1.47
             0
             0
           0.2
          3.46
          16.3
             0
          6.67
          0.21
             0
          7.86
          0.42
          1.66
          7.55
         18.75
          0.62
          1.66
         21.47
             0
         10.95
           5.1
          2.48
          1.64
          9.71
             0
             0
          1.86
             0
          0.84
          0.42
          8.82
             0
             0
             0
           0.2
             0
           0.2
             0
             0
             0
             0
             0
             0
             0
             0
          7.43
          0.42
          0.21
          3.36
           4.3
           0.2
             0
             0
             0
             0
             0
           0.2
             0
          5.68
           0.2
             0
             0
           0.2
             0
          6.79
          4.34
          5.43
          0.21
          0.21
             0
             0
             0
             0
             0
             0
             0
             0
             0
           2.1
             0
             0
             0
             0
             0
             0
             0
          1.02
          1.41
             0
             0
             0
             0
             0
             0
             0
             0
             0
          3.26
           6.7
           0.2
             0
             0
             0
             0
             0
             0
             0
           0.2
             0
             0
             0
             0
             0
             0
             0
             0
             0
             0
             0
             0
             0
          2.86
           0.2
             0
         14.84
             0
             0
             0
             0
             0
             0
             0
             0
             0
             0
             0
             0
             0
          0.83
           0.2
             0
             0
             0
             0
             0
             0
             0
             0
             0
             0
             0
             0
             0
             0
             0
             0
             0
             0
             0
             0
             0
             0
             0
             0
             0
             0
             0
             0
             0
             0
             0
             0
             0
             0
             0
             0
             0
         31.23
           0.2
          5.95
             0
             0
             0
             0
             0
             0
             0
             0
             0
             0
             0
             0
             0
             0
             0
             0
             0
             0
             0
         40.22
         19.58
          1.65
          0.82
