DataSet_WRR/inputVEG1area.asc
ncols         60
nrows         65
xllcorner     739300
yllcorner     4553050
cellsize      50
NODATA_value  -9999
[rows 0 to 45 of 65, columns 0 to 59 of 60]
51.3 37.8 39.6 0 0 0 0 0 0 0 0 0 0 0 0 0 0 0 0 0 0 0 0 0 0 0 0 0 0 0 0 0 0 0 0 0 0 0 0 0 0 0 0 0 0 0 0 0 0 0 0 0 0 0 0 0 0 0 0 0
0 0 0 0 0 0 0 0 0 0 0 0 0 0 0 0 0 0 0 0 29.9675619 0 0 0 0 0 0 0 0 0 0 0 0 0 0 0 0 0 0 0 0 0 0 0 0 0 0 0 0 0 0 0 0 0 0 0 0 0 0 0
45.5 45.5 23.5 15.6 10.2 12.5 15.0 12.0 0 0 0 0 0 0 0 0 0 3.35 2.5 21.3289494 13.7194128 28.9423422 3.8 0 0 0 0 0 0 0 0 0 0 0 0 0 0 0 0 0 0 0 0 0 0 0 0 0 0 0 0 0 0 0 0 0 0 0 0 0
63.9 54.9 65.7 59.11488 19.2362916 27.030852 25.7778636 27.534575 19.8 0 0 0 0 0 0 0 23.7651042 22.0071652 62.4947283 14.7229614 16.0102369 14.609504 2.9 0 0 0 0 0 0 0 0 0 0 0 0 0 0 0 0 0 0 0 0 0 0 0 0 0 0 0 0 0 0 0 0 0 0 0 0 0
63 67.5 23.4 20.9451071 33.6155911 59.1082624 24.1179204 27.5553981 19.23219 3.45 0 4.55 0 3.2 32.1020152 20.767347 65.3410611 39.9370146 51.3005948 73.3077825 29.6907896 34.7831396 27.1060455 2.5 0 0 0 0 0 0 0 0 0 0 0 0 0 0 0 0 0 0 0 0 0 0 0 0 0 0 0 0 0 0 0 0 0 0 0 0
49.5 43.2 67.5 31.9300623 32.4823296 27.8806836 61.4074314 2.5 4.4 27.921242 22.7209676 22.0462472 3.65 0 53.0094312 13.3372291 21.5095014 14.0989196 7.7987976 13.45104 24.2798771 20.282304 18.2828592 22.8197157 0 0 0 0 0 0 0 0 0 0 0 0 0 0 0 0 0 0 0 0 0 0 0 0 0 0 0 0 0 0 0 0 0 0 0 0
26.1 33.3 45.0 20.5123674 35.7034152 30.532464 35.1944411 63.477792 0 4.55 42.3993328 60.9951825 29.0994788 22.558305 11.544032 13.9100819 31.1609906 27.1674189 11.0583668 22.6416115 27.4678716 14.5078784 26.4122984 30.4 0 0 0 0 0 0 0 0 0 0 0 0 0 0 0 0 0 0 0 0 0 0 0 0 0 0 0 0 0 0 0 0 0 0 0 0
57.6 45.23 23.7165453 15.970825 25.3079408 30.8966952 38.5202916 24.9298848 18.3458856 30.149177 29.2225527 64.1383186 24.250672 17.6117144 28.1107872 15.661792 23.1381868 23.4953784 14.689188 14.6997888 16.8422232 16.8121503 24.245046 12.3303599 0 0 0 0 0 0 0 0 0 0 0 0 0 0 0 0 0 0 0 0 0 0 0 0 0 0 0 0 0 0 0 0 0 0 0 0
31.5 33.5503392 35.75392 12.3119106 26.4240225 25.2410652 23.7397602 23.166592 23.5872361 25.9262528 16.8509206 32.9672946 22.737946 27.8106284 17.235144 17.9810503 15.3730816 28.824312 30.6852238 26.184357 26.9536296 23.7254434 14.568732 31.6694833 0 0 0 0 0 0 0 0 0 0 0 0 0 0 0 0 0 0 0 0 0 0 0 0 0 0 0 0 0 0 0 0 0 0 0 0
64.8 2.6 23.0218275 33.0179 27.9834198 26.2971682 33.1521529 34.0969356 22.9965564 28.1456406 34.35083 24.4677465 16.358727 23.1396507 27.5861598 18.132352 23.0157872 29.5920592 28.8011306 35.7213461 31.519768 19.7023083 16.7045918 4.9 0 0 0 0 0 0 0 0 0 0 0 0 0 0 0 0 0 0 0 0 0 0 0 0 0 0 0 0 0 0 0 0 0 0 0 0
0 0 25.2614088 22.4887826 3.25 20.0522179 27.2877405 33.4929236 21.1435686 22.7388992 20.9154792 26.9387774 27.6411123 21.68078 26.1244764 34.0048896 24.3955848 30.3580578 17.7941574 29.8344372 23.6046196 25.6981686 19.602015 0 0 0 0 0 0 0 0 0 0 0 0 0 0 0 0 0 0 0 0 0 0 0 0 0 0 0 0 0 0 0 0 0 0 0 0 0
0 0 36.497376 21.0363015 16.1335636 3.1 36.3022432 21.4505864 32.1440814 22.237092 29.6416335 27.9614874 29.1305036 20.4355782 26.4634298 28.8746032 17.888838 17.3006596 21.3305925 27.8059617 18.5372655 22.8369724 13.5748179 4.45 0 0 0 0 0 0 0 0 0 0 0 0 0 0 0 0 0 0 0 0 0 0 0 0 0 0 0 0 0 0 0 0 0 0 0 0
0 0 3.9 16.0765272 4.03216881 4.7 57.1454195 16.9301608 2.9 0 0 0 28.1962218 27.610214 21.9091509 25.0897536 25.7605274 47.89441 22.6797032 25.0601736 26.689864 17.5351228 36.4673537 31.037982 0 0 4.95 4.15 34.6697186 2.8 0 0 0 0 0 0 0 0 0 0 0 0 0 0 0 0 0 0 0 0 0 0 0 0 0 0 0 0 0 0
0 0 0 17.7698232 33.2017693 0 20.8053037 25.467598 30.672012 39.2059079 0 15.954525 26.7830793 34.4316318 34.7849411 29.9918344 29.580585 12.4894 37.6853806 37.2 29.764119 20.557462 24 17.425764 24.745832 33.7262982 33.0536525 26.0724966 16.8726825 26.5425636 20.8087876 3 0 0 0 0 0 0 0 0 0 0 0 0 0 0 0 0 0 0 0 0 0 0 0 0 0 0 0 0
0 0 2.7 12.1191753 56.1145942 0 0 2.6 36.98582 4.1 3.95 26.598782 0 0 60.297393 32.1262766 29.6 26.071995 25.5569688 32.092709 24.2607588 24.6292134 29.7206415 26.3719698 24.6054068 20.7099816 68.0265027 25.979562 23.6399023 19.5868168 21.9304699 28.3200622 0 0 0 0 0 0 0 0 0 0 0 0 0 0 0 0 0 0 0 0 0 0 0 0 0 0 0 0
0 0 0 11.6542608 27.977625 0 3.2 57.6517722 4.15 3.65 0 4 3.7 55.5327738 25.876904 28.7935566 26.7753189 22.5386322 26.1163821 29.506923 29.658075 18.2365116 26.4017988 19.4205519 24.9954984 50.1072144 56.7581576 23.5232462 24.2068552 33.2596638 33.6464424 29.2213528 38.3601216 0 0 0 0 0 0 0 4.1 2.5 0 2.85 0 0 0 0 0 0 0 0 0 0 0 0 0 0 0 0
0 0 0 29.2459168 44.6119122 0 0 4.4 15.95921 48.5069213 0 0 35.96888 22.1497592 29.976695 22.5178156 26.1444225 36 33.81258 20.27584 36.1642156 22.026906 34.8867366 31.7856539 37.7760798 45.6 30.6016748 31.4753208 28.9765981 21.6 30.835188 33.5558308 29.9169832 2.7 0 0 0 0 2.6 24.8814324 33.0992172 22.2025617 33.5080777 26.678253 2.85 0 0 0 0 0 0 0 0 0 0 0 0 0 0 0
0 0 0 19.2316896 23.9128568 2.85 0 24.8545115 24.5667084 10.8254377 27.2210076 67.2591946 0 27.231372 32.2967574 27.7387187 24.022288 21.3157941 25.8932851 24.98 19.4541568 28.9575764 15.5264772 55.8026414 35.1384411 17.3029126 23.8813 33.485769 27.9725712 20.78748 17.8794882 16.1712584 30.0813624 25.6453582 3.1 0 0 0 3.4 33.0768055 12.8616208 30.476799 23.64245 29.2937925 4.55 0 0 0 0 0 0 0 0 0 0 0 0 0 0 0
0 0 0 26.3578948 34.1091552 0 3.85 34.3219392 23.1375867 31.3451796 19.3879247 35.1650616 19.6700224 39.087235 0 29.2823668 31.2694791 4.5 22.5771392 35.8056488 17.3465862 24.257805 25.0720344 16.4120091 31.0526564 31.8451104 24.8217974 31.515718 21.3380496 24.116207 31.5830336 21.4420278 55.012608 31.1080928 39.6 0 0 0 24.7249824 20.484532 23.655942 21.9570073 20.471094 16.577737 0 0 0 0 0 0 0 0 0 0 0 0 0 0 0 0
0 0 0 26.6858949 29.1422664 20.3013426 0 30.27907 16.3234731 21.8542016 26.9160099 33.0090936 25.0359186 18.9504112 30.8487795 47.7066632 46.2926337 36.1298127 3.15 3.25 21.849802 27.3961683 31.3350576 26.1081936 18.7657968 27.3777172 27.3222502 14.9074484 26.7353726 46.5063214 21.1367255 23.2881481 15.38388 21.0466806 66.714732 27.6688792 32.5678222 30.1332164 23.705127 27.4197532 11.8184313 25.2843956 27.203049 13.2041603 19.0439059 2.5 4.6 3.45 0 0 0 0 0 0 0 0 0 0 0 0
0 0 0 2.9 17.4228495 20.508865 29.7747528 21.1853455 24.1032732 26.9731517 39.211128 21.503218 24.1555208 31.662619 31.9836616 26.8720788 25.194496 26.7740538 15.841182 56.7958608 30.2277437 27.3229016 23.7015894 18.8382564 30.771261 31.1619516 23.679504 25.8108957 20.1996392 38.4661858 26.3302386 19.7666612 19.5752494 28.5960075 23.556876 71.25 54.91584 25.0560816 29.1792075 33.9591978 24.8955036 30.8254545 18.0237038 12.59986 26.6985017 20.7244628 37.6773936 19.5856864 29.6 0 0 0 0 0 0 0 0 0 0 0
0 0 0 0 33.9929972 27.5948942 27.163367 22.560724 33.6658848 30.473391 27.040815 36.41924 20.7284454 22.501579 41.9755852 29.822736 18.9458982 32.5217484 31.0271724 15.8479664 44.6461524 22.0832535 30.1666638 24.9553986 24.413949 30.6919151 30.7018124 19.710365 19.2294633 22.5597336 33.043356 20.5170095 31.4538962 16.0246539 32.1321637 23.6125822 36.85796 28.6278738 22.9949956 20.3647572 21.060576 24.154048 24.7593752 25.165584 21.0021356 17.794513 39.2 24.8 33.6 0 0 0 0 0 0 0 0 0 0 0
0 0 0 0 3 23.3040678 36.5967614 30.110728 22.9294824 37.1144268 24.9206835 22.2582777 27.0678057 20.930844 22.5483792 20.7722232 32.2094256 15.4096175 22.7777067 14.418974 40.91566 2.95 25.2017408 29.5220114 32.9889299 30.9454054 34.7987232 31.8375086 22.270976 32.4352358 33.5782155 26.3023232 16.5225368 24.9573714 22.0210758 28.98747 19.4569131 32.7203607 20.7069771 22.7898773 34.8881 31.423712 19.8589107 32.445958 17.0900875 27.5589132 29.7948 26.8 38.8 30.4 0 0 0 0 0 0 0 0 0 0
0 0 0 0 0 0 2.8 4.55 4.65 3.2 19.2837171 24.7030536 21.0929355 31.6153142 29.6568348 34.630299 34.1094576 25.7378445 26.6581166 18.7740127 40.1639727 2.65 3.05 4.15 25.7478802 17.5903182 20.0761258 29.1995929 23.084778 22.8 22.2655002 31.79264 20.932333 21.02685 14.1873024 30.5469434 25.4314544 17.439867 23.7501396 46.1453184 39.7552 19.391634 26.3132064 32.8984404 31.2206126 19.367325 33.406464 38 29.608288 31.4743304 38.4 0 0 0 0 0 0 0 0 0
0 0 0 0 0 0 0 0 0 0 0 0 33.6 22.2670178 37.7888098 23.5248 20.1709335 19.0172829 29.0433794 31.9770704 36.4563374 0 0 27.3316383 28.09914 18.8501292 27.0258388 21.1248525 14.2747956 19.3959738 38.86747 32.865889 30.5496684 30.2415567 30.8027834 29.5237242 21.0541275 21.6844012 18.2492304 9.6022848 18.3611862 29.8619311 29.539974 32.7606075 70.6066782 22 37.4360196 27.705672 30.6900966 28.5482633 23.2 0 0 0 0 0 0 0 0 0
0 0 0 0 0 0 0 0 0 0 0 0 19.9041076 32.751725 57.3121606 36.8758665 19.9585568 29.185677 30.2754114 26.1592869 4.5 4.25 25.5225692 27.738064 26.3712542 2.75 45.7694382 14.5478892 16.9302201 29.5427129 34.536509 25.261982 4.05 25.839314 15.6683654 21.7349303 26.951925 3.3 33.9795525 16.6321668 13.7124 30.243654 21.1801014 26.8 25.6 25.2 22.4 24.3386676 16.716483 28.18752 0 0 0 0 0 0 0 0 0 0
0 0 0 0 0 0 0 0 0 0 0 0 0 19.1105356 52.24104 36.5560308 36.650928 36.38449 27.9483274 36 56.9012776 4.75 3.1 15.2882856 2.85 2.5 4.25 3.55 0 28.59678 0 3.3 2.75 0 26.221576 0 30.719086 4.9 20.9507977 21.7822088 15.4955196 29.0136192 24.5837 38.4 23.6214082 14.3384409 30.2521344 18.7191071 27.016255 27.4371548 0 0 0 0 0 0 0 0 0 0
0 0 0 0 0 0 0 0 0 0 0 0 0 0 24.1295103 22.880263 33.6817366 26.5157616 34.4816092 21.4998756 19.4342848 24.4368 26.6312568 17.16072 2.6 27.2182176 3.35 0 0 38 22.06566 0 0 13.011435 18.1326432 19.9718456 19.6843335 3.7 20.0977592 18.6776034 24.324212 12.5372448 20.5143015 33.2485296 36.8 28.70976 38.3910912 37.3932255 25.2 0 0 0 0 0 0 0 0 0 0 0
0 0 0 0 0 0 0 0 0 0 0 0 0 0 30.9493278 62.6187456 37.5971806 26.4 38.303232 24.4147978 31.8212895 32.2811895 31.8361344 26.421255 54.2522915 26.699664 2.7 3.45 68.8821082 23.5107066 2.6 4.15 38.8467394 20.826118 3.2 16.328114 3.7 4.35 22.4338142 26.253962 22.3718383 22.9834802 32 24.1600732 32.6541285 20 30.4032569 20.6098088 0 3.8 0 0 0 0 0 0 0 0 0 0
0 0 0 0 0 0 0 0 0 0 0 0 0 0 4.75 33.249688 53.159942 25.3757271 30.786471 23.2 25.096981 30.536097 27.082727 20.665216 34.334254 26.4401544 15.89075 56.659925 41.2540392 4.9 2.95 21.6483621 3.7 31.1422657 36.2317466 21.9953682 21.966612 34.5154752 17.8886223 24.7951874 21.7215388 21.7327712 32.5936017 24.85142 17.5111632 17.9510904 38 34.7213731 24.9528151 23.9928738 35.8692728 21.9050671 26.087138 0 0 0 0 0 0 0
0 0 0 0 0 0 0 0 0 0 0 0 0 0 0 25.9218234 24.7068 30.5793595 18.4214976 32.937056 20.091552 38.4204051 24.746189 33.2235286 27.1722332 29.960488 21.3348872 9.8229488 2.9 68.1049047 23.1333075 23.915892 4.05 39.59424 27.9916632 23.9947968 31.4151948 44.0027055 50.2356764 28.5059292 39.94136 24.855264 31.5129362 25.7917506 27.2496488 21.9568158 31.1604677 16.8219656 22.1119458 26.337003 14.8611132 23.7690138 36.1333546 0 0 0 0 0 0 0
0 0 0 0 0 0 0 0 0 0 0 0 0 0 4.95 34.056009 69.7786706 24.6415424 27.8808222 54.15 22.87923 21.2750667 20.3657643 28.4806675 15.3119188 16.607503 16.2132563 23.0879704 21.9539025 32.317344 28.194784 23.1825325 61.4193702 34.2230688 30.6249856 18.6975027 24.3968125 30.3256992 28.1205624 24.4098288 27.2 35.6 23.002806 32.8863444 26.8 20.535592 23.3163566 16.9133396 25.4975477 31.3952463 22.0480323 37.48002 20.10624 0 0 0 0 0 0 0
0 0 0 0 0 0 0 0 0 0 0 0 0 3.25 22.370556 62.3672343 15.197 34.0559232 30.420651 65.4223108 17.4679353 19.9801732 26.9607698 37.9016862 21.3514496 30.4 20 17.0136036 52.9897764 30.203696 24.8 26.6847672 52.6864336 16.1350656 32.6628904 20.1544656 38.325088 15.8502685 25.967176 17.700933 5 33.152616 20.4080882 30 25.2 37.76413 35.1280844 28.1328838 27.560256 38.3001597 20.8522352 28.9503874 25.0832274 35.6 0 0 0 0 0 0
0 0 0 0 0 0 0 0 0 0 0 0 2.5 34.515712 19.0198144 55.4344784 35.2796724 24.8689914 28.36515 68.833452 24.6174192 20.4412992 30.6132216 28.9594305 30.4 19.7430532 37.970493 19.2733525 46.781048 31.7602922 19.967634 25.5804384 6.3067615 12.2449876 23.474886 27.2 21.4761564 32.06685 13.6008208 12.406056 29.4499296 16.52963 29.520444 22.8925762 25.5629749 33.176096 38.5838145 48.988805 23.75 37.3071648 24.75891 17.84426 26.5787907 20.701131 34.8 0 0 0 0 0
0 0 0 0 0 0 0 0 0 0 0 0 21.6280936 15.5454783 26.054574 38.1502242 28.6888158 34.1461211 23.4950495 22 20.911112 26.2494864 26.3992854 31.2 33.2 28.604904 22.4632772 61.0552146 20.489105 19.738628 28.4422325 31.3630906 16.4536405 18.8861985 21.358182 21.4785177 39.6544 24.6906189 22.2144363 26.974848 34.0722008 38.89121 18.6924726 28.6547787 15.838295 49.2803244 38 34.2 25.2 23.6 33.2 30.4 28.8 27.6 29.2 26.8 21.2 0 0 0
0 0 0 0 0 0 0 0 0 0 0 3.8 15.5097656 20.1910331 20.227212 30.8722944 35.3542068 29.8858638 31.2 36 25.9498705 26.5194546 20.400699 24.520065 22.8 26.1599475 21.588822 70.3 19.5626259 37.6 36.25771 25.2418465 17.87876 58.6782464 27.6 35.819703 31.6 22.0922236 34.073154 32.5682001 28.2839084 24.5538639 29.6366504 26.6 38.1672192 35.7949802 20.9589122 35.72472 24.0830212 19.8261544 31.3557244 20.1235749 38.4 32.4 34.4 23.2 29.792214 0 0 0
0 0 0 0 0 0 0 0 0 0 3.55 33.5829285 32.169632 23.635976 25.5134538 22.2967431 22.9067106 32.8790112 28.5924692 29.1674016 33.1346784 34 31.122208 18.4584576 28.8 31.2 71.25 37.6 26 30.8 20.89586 20.4962925 27.8592192 56.8879953 0 32.5134051 25.1264706 52.3172416 50.4402444 66.9640896 48.495888 47.1121968 34.81984 16.7700132 23.489064 19.4828235 16.1573984 29.7896787 26.4555832 21.640031 28.2532888 27.26373 33.2 35.6 24.4 32.5691762 34.2588189 0 0 0
0 0 0 0 0 0 0 0 0 0 0 0 4 28.3503402 25.892706 23.2823448 31.9926485 33.7314906 24.182108 22.0234106 31.3120868 28.8609278 32.8 26 21.2 64.6 28.4 30 31.8665592 32.1956566 37.196224 28.6115232 20.828389 23.416563 15.3713768 40.679393 22.798841 25.3454309 34.8 27.2933585 25.7603409 35.587184 30.848277 20.510047 18.432275 23.3356578 15.2302016 19.1802336 32.5701624 28.1206232 31.1466504 22.409916 28.4 36.386896 20.12881 27.2 29.6 0 0 0
0 0 0 0 0 0 0 0 0 0 0 0 0 3.85 25.2334536 30.054519 18.82986 28.0742401 26.9033919 29.2 31.6 26.551455 31.89632 33.6 28.5 65.55 34.8 24.756138 36.3123124 23.715204 20.4 28.0420238 24.3277402 19.016788 30.2017584 21.8892612 22.5286596 24.726772 33.044624 39.6832 23.6 22.8 19.598535 23.4648896 18.8285342 17.4405507 31.8401361 20.4548575 28.4766649 26.4364125 29.7625215 23.3536219 22.8 39.2 20.4249183 30.8 31.2 0 0 0
0 0 0 0 0 0 0 0 0 0 0 0 0 4 19.5747738 25.545657 20.2384975 28.8710001 16.365225 25.0128548 24.7046616 37.5052392 45.6 25.2 38.95 20 32 26.9126856 22.783584 25.2199739 24.088704 27.6 19.1212021 33.080232 36.745677 40 57.37824 28.1455512 26 28.4 34.300928 37.7917536 22.2499989 12.0160403 21.5022936 6.66704839 2.85 19.2208656 25.6412418 34.9469355 20.9372256 37.2192678 19.6715682 30.6584859 37.2770016 36.8 29.2 20 0 0
0 0 0 0 0 0 0 0 0 0 0 0 0 4.35 30.1481282 25.9134358 20.841696 34.0434591 23.7804143 35.7785996 32.73024 21.6650995 23.6 25.65 34.4 25.037824 28.84556 30.3634576 32.2894136 18.3263202 17.005899 12.8182106 16.54533 17.3016847 38.4 29.0127421 58.446193 20.739336 20.5315084 20.217762 14.0428512 23.88556 20.8923078 12.5846019 16.4458013 19.392536 11.8356296 14.6886171 22.9549048 27.9672069 25.250511 24.339185 24.4548414 17.7592948 40 24 27.6 23.6 0 0
0 0 0 0 0 0 0 0 0 0 0 0 0 0 3.8 4.2 19.61278 25.2920815 22.7620724 23.137917 23.7170084 28.3761426 30.4 30.4 31.004787 23.2894398 37.2 28.406016 23.148153 23.581374 18.1792373 11.3770525 0 6.2889948 18.353979 14.6374866 14.849252 32.5798014 27.1845639 21.9638418 13.989059 26.2647016 19.9404594 20.6413131 27.5329842 21.5062692 24.6285325 4.27551642 11.614471 0 3.15 22.48416 24.8917158 21.0203916 31.6 34 37.2 34 0 0
0 0 0 0 0 0 0 0 0 0 0 0 0 0 0 0 27.7725315 37.14924 20.9323632 19.6503335 23.7587196 28.1728809 28.5 65.55 33.6 24.2630505 21.7539738 19.136016 21.7904901 35.9722622 17.0204544 13.5184164 36.9584127 24.3371528 12.4391215 13.9078466 11.8799898 31.1879782 34.5176609 25.0974108 11.2329207 27.0292784 18.7914375 26.745352 29.1067101 15.929867 21.3069516 29.6 36.8 32.8 20.8 23.8303828 14.9007777 15.7217949 19.6148856 23.6 26.8 28 0 0
0 0 0 0 0 0 0 0 0 0 0 0 0 0 0 0 25.0595424 25.932568 23.877486 21.0755776 31.9748472 23.500854 23.6 64.893312 32.805584 28.3726068 29.5684872 31.7580886 27.783987 26.804914 6.5007645 15.4776864 33.018246 27.596268 14.0599525 17.3923072 22.1790024 17.568235 49.7265015 35.4933965 25.6427717 8.427208 18.801831 20.0712435 33.2794595 21.240846 38 38 30 27.2 32 39.2 27.416085 11.2192182 9.142075 40 0 0 0 0
0 0 0 0 0 0 0 0 0 0 0 0 0 0 0 0 39.45483 35.0397094 19.236354 19.6507146 30.4 17.2790397 22.6178044 38.5270665 33.6 28.0378664 19.5966056 24.425808 28.0253245 37.2 22.268036 34.3207386 36.747232 24.5815878 16.6352802 22.3186404 12.3182775 25.370816 9.2586267 34.547575 25.6281225 13.1454332 12.2708465 4.8 23.903883 34.8 26 21.6 29.2 28.4 30.4 38.8 32.8 29.200834 12.0812688 4.75 0 0 0 0
0 0 0 0 0 0 0 0 0 0 0 0 0 0 0 4.2 31.0197048 25.605256 23.6227536 33.8031264 23.1994219 19.094468 13.0412744 60.0367887 26.8 23.783991 37.9832614 27.2 20.9436975 33.6 30.02384 31.3269201 33.2624544 17.0172365 11.171125 30.0663264 11.6430912 12.5308566 17.8410172 61.75 19.405958 19.5256492 9.3842155 18.163829 27.8254946 34.4 21.6 29.2 35.6 23.2 40 34.4 39.2 32 9.5433365 0 0 0 0 0
