DataSet_WRR/MF_ws/elev_sinkfil.ASC
ncols         60
nrows         65
xllcorner     739300
yllcorner     4553050
cellsize      50
NODATA_value  -9999
[rows 0 to 45 of 65, columns 0 to 59 of 60]
739.5 738.3 736.5 734.9 735.3 738.3 742.2 741.7 743.5 745.4 747.1 748.2 750.7 750.8 751.6 753.3 755.6 756.7 758.4 760.1 761.9 762.5 761.9 762 760.9 759.7 759.2 758.6 760.4 762.5 764.4 766.2 767.4 768.8 772.1 774.3 776.8 775.2 776.3 777 779.3 780.3 781.6 782.7 784.7 784.6 785.6 786.6 787.4 786.7 788 787.7 788.8 788.8 789.1 790 791.3 792.4 792.3 792.6
738.7 737.1 736 735.3 736.3 741.6 743.3 744.6 743.8 745 748.1 750.1 752.6 752.7 753.8 754.2 756 758.1 759.2 761.3 762.5 762.2 761.7 761.6 761.3 761.3 759.5 759.7 761.1 761 762.1 763.1 764.9 766.5 768.7 770.8 772.2 773.4 775.9 777.1 779.7 780.7 782.1 783.4 785.2 786 788.2 788.7 788.2 788.3 789.1 789.2 789.8 790.3 790.4 790.5 791.8 792.9 791.8 791.8
738 736.8 735.3 735.9 736.9 740.3 743.5 744.9 745.5 745.9 748.2 750.2 753.8 754.3 755.1 755.3 757.3 758.2 759.9 761.1 762.8 762.8 762.6 762 761.8 760.7 760.2 760.5 762.3 762.1 762.6 763.5 765.1 766.4 769.2 770.6 773.6 774.9 776.3 777.5 780 781.6 782.8 783.9 785.7 787.2 789 789.4 789.3 789.7 790.5 790.3 790.8 791 791.2 791.2 792.3 792.6 792.1 791.9
737.5 735.9 736 736.2 737.4 740.2 742.9 744.3 747.4 748.1 749.1 750.3 753.2 754.6 756.7 757.5 759.3 759.5 759.1 760.4 762.1 762.3 763 762.5 763.2 762.6 761.7 760.9 763.3 763.2 763.1 764.1 765.7 766.7 768.5 770.7 772.6 774.7 776.5 777.8 780.7 781.6 783.5 785.2 787.6 789.7 789.8 790.5 790.6 791.2 792.2 791.7 792.1 792.3 792 792.1 792.6 792.7 791.9 791.8
736.3 735.9 736.3 736.9 738.2 739.1 741.9 745.3 748.5 748.9 750.2 752.1 754.7 756.5 757.2 757.6 757.3 757.7 758.7 759.8 760.9 762 762.6 762.8 763.4 763.4 761.8 761.4 763.3 764 763.5 764.3 766 767.6 768.9 770.3 772.6 774.3 777 778.6 780.8 782.1 784 786.2 789 791.4 791.1 791.7 792.1 792.1 792.8 792.9 793 793 792.4 792.5 792.3 792.4 791.7 790.9
735.7 736 737.8 738.1 740.6 741.9 740.9 743.4 746.9 750 751 750.3 753.1 754.8 755.6 755.9 758 758.7 760.7 761.8 761.9 761.9 763.2 763.4 763.4 763.1 762.4 762.3 764.3 765 766.3 764.5 765.9 767.3 769.7 770.9 773.3 775.4 776.9 778.5 781 783 784.8 787.1 790.5 793.4 793.5 793.7 793.6 793.4 793.9 793.6 793.5 792.9 792.4 792.5 791.9 791.7 791.2 790.4
735.8 736.7 737.6 739.1 740.6 741.8 743.1 742.8 746.7 748.5 747.7 748.5 750.6 752.7 755.3 757.3 758.6 759.1 760.7 761.9 762.7 762.9 763.3 763.3 763.6 763.5 763.4 762.9 764.9 765.1 766.6 765.5 766.6 767.7 769.1 770.1 772.8 774.6 777.3 779.3 781.6 783.2 785.9 788.4 790.9 794 794.4 794.2 794.2 793.9 794 793.9 793.8 793.3 792.8 792.4 792 791.3 790.7 790.3
735.5 736.4 737.9 738.6 740 742.3 745.3 745.4 746.8 746.8 747.5 748.6 751 752.9 755.1 756 758.4 759.8 761.7 762.7 763.9 764.1 764.1 764.3 764.3 764.9 764.5 764.5 765.3 766.3 767.4 766.7 767.3 768.5 769.1 771.2 773.7 775.5 778.6 780.6 783.2 784.9 787.5 789 792.9 795.4 796.7 796 795.1 794.8 794.6 794.1 793.7 793.6 792.7 792.3 791.9 791.5 790.5 790
735.5 737.4 737.9 738.5 739.6 741.3 744.8 746.3 748.7 748.5 748.8 749.2 751 752.6 755.3 756.3 759.1 760.1 761.6 762.9 764.1 764.2 764.4 764.5 764.4 764.8 765 765.3 765.9 767.3 768.3 767.6 767.6 768.9 770 771.7 774.5 776.8 779.4 781 783.1 784.4 788.1 789.7 794 796.9 797 796.3 795.3 795.3 794.7 794.1 793.9 793.7 792.7 792.3 791.8 791.6 790.5 789.7
738.6 739.4 739.4 738.8 740.3 741.8 744.7 746.5 749.1 750.2 750.9 751.4 753.6 753.9 756.3 758 759.5 760.4 762.4 763.8 764.1 764.5 765 765.2 764.9 765.2 766.1 766.8 766.9 768 768.7 768.9 768.9 769.6 772 772.5 773.4 774.9 777.8 779 781.7 783.8 787.3 790.2 795.9 798.4 796.8 795.5 795 795.2 794.9 794.4 793.8 793.2 792.8 792.1 791.2 790.8 789.7 788.6
739.2 740.3 741.5 739.2 740.4 741.8 745.9 747.5 750.3 751.4 752 753.1 754 755.2 756.5 757.8 759.8 761.6 763.2 763.6 764.2 764.1 765.1 765.1 765.1 765.5 766.4 767.1 767.8 768.5 769.5 769.9 769.8 769.9 771.8 772.8 774.8 776.2 777.2 778.1 780.6 782.9 786.3 789.6 795.6 797.6 796.6 796 795 795 794.7 794.4 793.7 793.4 792.4 791.6 790.9 790.5 788.9 787.7
740.4 741.7 742.9 743 739.8 741.6 747.2 748.9 750.2 752.2 754.6 755.7 755.8 756.8 758.3 759.6 761.4 762 762.2 763.1 763.3 764 764.9 765.3 765.4 765.6 766.7 767.3 768.2 768.9 769.7 770.6 770.8 770.6 772 772.6 775.2 776.8 779.1 779.7 781.5 783 785.5 787.6 791 792.9 794 795 795 795 794.5 794.2 793.4 793.2 792.5 791.7 791 790.2 788.6 787.1
740.8 742.2 743.3 744.3 739.9 741.6 747.5 747.4 750.7 752.5 754.4 757.1 757.4 758.1 759.9 761.1 760.5 760.1 760.8 761.9 762.8 764.2 765.1 765.4 765.7 765.8 767.6 767.7 768.4 769 769.8 770.6 771.4 771 772.3 773.3 775.8 776.8 779.8 780.9 783.1 784.9 787.3 789.5 791.8 792.6 794.5 796.4 795.6 795.2 794.7 794.2 793.6 792.8 792 791.5 790.6 789.5 787.8 786.6
740.9 742.3 743.8 744 740.7 742.9 748.1 749.4 751.7 750.8 753.4 755.7 758.8 759.5 759.8 759.2 758.1 759 761.1 762.1 764 764.9 765.2 765.7 766.2 766.6 766.4 766.7 767.9 768.7 769.4 770.3 771.6 772.5 772.9 773.7 776.1 777.4 780.5 781.9 784.3 786 789.6 792.2 795.8 795.3 795.9 796.1 795.4 794.9 794.9 794.4 793.3 792.4 791.3 790.7 789.6 788.6 787.4 786.8
741 742.3 744.1 744 741.3 746 747.5 750.3 749.1 751.2 754.6 757 757.9 757.8 757.7 756.8 758 759.2 761.7 762.9 764.7 764.3 765.1 765.8 766.1 765.6 765.1 765.4 767.2 767.9 769.1 770.1 771.5 772.2 773.5 774.5 776.4 777.8 780.5 782.2 785.1 786.6 790.6 793.4 796.5 797.6 796.6 796.5 795.4 795 794.7 794.1 792.8 792.2 791.2 790.4 789.2 788.4 787.6 787.5
742.1 742.8 744.2 744.8 741.9 748 750.9 745.9 747.6 749.9 754.3 755.2 755.6 753.8 755.6 757.3 759.5 760.6 763.3 762.8 762 762.1 764.8 765 763.4 762.9 764.1 765.2 766.8 767.7 769.1 770.2 771.4 772.3 773.6 775 777.2 778.2 780.2 782 785.2 787.5 791.4 795.6 800.4 798.6 797.2 796.7 795.7 795 793.9 793.2 792.1 791.4 790.6 790.2 789.2 788.9 788.3 787.7
743.1 743.8 745.2 746.1 741.9 747.8 745.9 745.9 745.9 746.9 753 753.8 752.9 752.5 755.6 758.2 760.7 761.5 761.4 760.2 760 762.2 764.3 762.6 761.9 762 764 765.5 767.3 768.3 769.7 770.6 772 772.8 773.7 774.9 777.4 778.4 780.8 782.1 785.2 788.2 792 796.3 801.1 799.7 797.6 796.8 795.6 794.9 793.6 793 791.9 791.4 790.6 790.5 789.9 789.4 788.6 788.2
744.9 745.4 746.5 747.3 746.9 745.4 746 747.9 747.8 747.4 747 747 752.3 755 757.5 760.1 759.5 758.1 757.6 759 761.7 762.6 760.7 759.9 761.4 763 765 765.9 768.7 769.5 770.6 770.9 771.3 772.7 774.5 774.9 777.5 778.7 780.8 782.3 786.1 788.4 793.4 797.4 800.7 799.3 797.7 796.7 795.3 794.7 793.6 793.2 792.2 791.9 791.3 790.9 790.5 790.2 789.1 788.7
745.7 746.3 747.7 748.6 747.7 747.7 750.2 751.3 749.4 750.1 749.7 749.2 747.9 749.6 756.4 759.1 757.2 755 757.4 759.9 760 759.1 758.3 759.5 761.9 763.3 765.7 767.2 770 769.9 768.4 769.4 770.4 771.5 773.6 774.9 777.8 778.9 781.3 783.2 786.4 789.6 794.3 798.4 800.1 799.3 797.5 796.5 795.1 794.7 793.7 793.3 792.4 792.1 791.5 791.4 791 790.5 789.4 789.3
746.3 747.5 749.4 750.5 750.2 750.6 752.7 753.7 753 752.8 752.2 752.1 752.4 750.7 749.6 750.8 750.8 751.2 752.9 756.3 755.3 757.6 759.2 760.6 762.5 763.8 766.4 767.6 766.6 767.5 768.9 770.6 772.7 772.7 772.7 774.3 777.1 778.7 781.1 783.2 787.3 789.8 795.4 801.3 800.4 798.4 796.8 796.6 794.7 794.1 793.6 793.3 792.8 792.5 792 791.6 791.3 790.6 789.6 789.8
746.6 748.2 750.2 751.2 751.5 751.8 753.7 754.6 754.5 754.2 753.2 753.4 754.2 752.4 751.8 751.9 752.9 753.6 753.1 752.9 756.4 757.8 759 760.7 763.5 764.9 764.8 765 766.7 768 769.7 771.3 773 773.5 773.9 774.1 776 777.7 780.1 782.5 786.1 789.2 795.1 799.6 798.8 798.2 796.1 796 794.3 794 793.6 793.4 792.9 792.7 792.2 791.7 791.2 790.5 790.1 790.6
747.5 748.6 750.7 752.3 754.5 754.8 755.2 755.6 756.1 755.9 755.8 755.9 755.7 755.5 753.8 754.1 755.9 756.3 756.2 755.1 752.9 756.7 759.7 762 765 763.2 764 765.5 767.7 769.4 771.4 773 774.6 775.4 775.7 775.7 776.8 777.5 779.5 781.3 784.4 787.9 793.2 797 796.3 795.9 794.8 794.4 794 793.9 793.7 793.6 793 792.7 792.1 791.8 791.3 790.9 791.3 792
746.8 749.2 751.9 753.5 755.6 755.5 755.9 756.7 757.3 757.3 757.3 757.5 757.1 756.9 754.3 755.4 757.3 757.9 757.6 756.8 754.5 755.7 761.3 763.4 762 762.2 764.9 766.1 767.7 769.7 771.9 773.6 775.7 776.4 776.9 776.9 777.5 778.8 779.5 780.7 784.5 787.2 791.7 795.9 795.6 794.5 793.8 793.7 793.7 793.8 793.8 793.8 793.2 792.9 792.4 792 791.4 791.1 792 792.7
748.3 750.5 751.6 753.1 755.4 755.4 757.2 757.7 758.3 758.6 758.9 758.9 758.2 757.9 756.9 758 758.8 759.5 758.7 757.8 754.7 755.9 759.1 761 761.7 763.5 766.5 768.2 770 770.9 773 774.1 776.6 777.5 778.5 778.4 779.2 779.9 781.7 782.1 783.2 785.3 789.1 791.7 792.6 792.5 792.9 793.2 793.5 793.9 794 794.1 793.5 793.3 793.2 792.9 792 791.8 793 793.2
746.3 748.4 750.1 751.7 754.1 753.9 755.6 756.2 757.3 758.6 758.6 758.8 759 758.9 757.7 759.5 760.1 760.2 759.7 758.1 755.1 759 761.1 760.9 763.5 765.1 767.7 768.6 770.4 771.5 773.2 774.3 776.7 778.2 779 779 779.7 780.7 782.8 784.2 784 784.7 787.4 789.3 790.7 791.2 792.7 793.5 793.7 794 794.1 794 793.7 793.7 793.7 793.4 792.4 792.3 794.2 794.4
748 749.3 749.7 750.2 751.4 752.3 753.6 754.3 755.7 756.6 758.3 759.1 760.1 760.2 758.7 759.3 760.8 761.7 761.1 759.1 755.7 762 763 762.5 765.3 770.6 767.1 771.3 771.7 771.2 772.1 775.5 779.6 780.5 778.1 778.3 779.9 782.5 785.4 787.1 788.2 787.4 787.3 788.2 790.2 791.2 792.6 794.1 794.7 795 794.6 794.4 794.1 794.2 794 793.5 792.8 793.3 795.7 796.8
748.4 750.1 750.6 750.9 752.4 752.8 754.3 755.5 756.5 756.7 758 759.2 760.1 760.5 759.7 759.9 761.7 762.4 761.3 758.9 756.2 758.3 760.8 762 765.5 769.8 767 772.3 773.4 770.5 771.7 775.6 778.8 781.1 777.1 778.1 780.3 783.3 786.2 786.8 787.5 787.6 789 789.6 791 792.3 793.5 794.4 795.2 795.5 795.1 794.8 794.7 794.9 794.5 793.9 793.3 794.3 796 797.1
750 751.3 752.3 752.3 753.6 754.1 755.7 756.2 757.3 757.9 758.5 759.1 760.2 761 761.3 761.3 763.1 763.2 761.1 759.8 758 758.6 758.3 758.9 767.5 763.5 766.1 768.7 768.7 767.8 770.9 773.1 775.2 775.2 775.6 778.5 780.4 782.1 784.8 785.4 786.4 787.4 789.6 790.9 792.7 793.8 795.2 796.1 796.6 796.1 795.6 795.5 795.9 795.9 795 794.3 793.9 795.2 797.1 797.7
750.6 751.8 753 753.2 754.2 754.9 756.8 756.9 758.3 758.6 759.6 759.6 760.6 761.3 762.3 761.7 763.2 763.6 761.6 760.5 759 760.2 760.1 759.2 759.9 761 763.7 763.7 766.5 767.8 770.7 773.6 772.9 773 776.9 777.7 781 782.5 783 784 784.9 786.7 789.3 791.1 793.6 794.7 796.6 797.4 796.8 796.4 795.7 795.8 796.2 796.4 795.2 794.5 794.9 796.5 797.7 798.4
751.8 752.8 754.1 754.6 755.5 756.7 759 759.2 759.7 760.5 761.1 761.4 761.7 762.2 763.3 763.7 763.4 763.9 762.4 761.8 760.8 761.7 762 763 761.1 761.5 762.2 762.2 762.4 763.8 768.4 769 773.8 773.5 774.8 775.2 777 778.8 781.7 782.4 784.8 786.6 789.6 791.8 794.7 796.8 798.3 798.4 796.4 796 795.5 795.9 796.5 796.5 795.4 794.9 795.9 797.5 798.8 799
752.8 753.7 755.2 756.1 757 758.4 760.9 761.3 761.4 762.2 762.6 762.7 762.8 763.8 764.3 764.6 763.9 764.1 763.9 762.9 761.8 762.8 762.8 764.2 763.4 763.3 763.8 763.9 763.1 762.8 765.4 766.9 773.5 771.9 773.9 774.9 777.9 778 780.4 781.9 784.4 787.6 790 792.6 796.2 798.2 798.8 797.7 795.8 795 795.4 795.9 796.7 796.6 795.8 795.4 796.4 797.8 798.1 799.1
754.9 756.2 757.4 757.8 758.7 760.9 763.7 763.9 764 765.2 765.5 765.6 765.9 765.5 766.4 765.9 765.3 766 765.4 764.3 763.9 763.9 765.5 766.8 766.3 766.4 766.5 766.3 764.3 765.2 767.2 765.7 768.3 770.9 772.9 774.5 777.9 779.6 782.4 783.4 786.1 786.7 791 794 797.1 798.4 796.8 795.3 793.6 793.9 795.3 795.3 796.7 797.3 796.9 796.3 795.9 796.4 798.3 798.6
756.7 758.4 759.1 759.1 759.8 761.5 764.7 766.1 766.5 767.5 767.5 767.4 768.2 768 767.6 766.8 766.8 767.3 766.4 765.2 766.2 765.4 766.9 767.8 768.2 767.6 767.4 766.7 764.6 767.3 769.3 768.4 766.9 769.6 772.9 774 777.4 780.3 783.9 785.5 786 787.3 791.7 794.4 796.8 796.7 793.8 792.8 792 793 794.3 795.5 798.9 802.7 797.9 797.1 796.6 796.7 797.7 798
758.6 760.8 760.6 760.7 762 763.8 766.8 768.8 770.3 771.6 771.3 771.7 771.9 771 770 768.6 769 769.1 768.2 767.4 768.1 768.1 768.3 769.3 769.9 769.7 768 767 766 768.1 771 771.2 769.7 767.8 771.2 773.2 777 779.7 782.1 782 784.7 787.2 792.2 792.3 793 791.2 790.1 789.9 790.6 791.3 793.5 795 796.9 797.7 797.7 798 797.8 797.7 798.1 798.4
758.6 760.5 761.9 762.1 763.6 764.9 768.7 771.1 772.6 774.3 774.9 774.9 774 772.8 770.6 769.4 770.1 770.1 769.5 768.6 769.4 769.8 770.1 770.4 770.7 770 768.8 768 767.3 769.2 771.9 772.3 772.6 769.2 771.5 773.8 777.2 779.3 780.4 780.8 784.1 787.1 790.5 789.6 788 788.1 788.3 789.2 790.7 791.9 793.7 794.4 796.2 797.2 797.8 797.8 798.1 798.2 798.7 798.9
758.3 760.3 763.5 763.8 764.9 766.8 770.4 773.9 775.8 776.7 776.2 776.2 775.3 773.3 771.2 771 771.5 771.4 770.5 770.3 770.8 771.1 771.6 771.4 770.8 770.3 768.8 768.3 768.9 771 772.6 773.2 772.9 770.3 775.3 776.4 777.6 778.5 777.9 779.4 782.2 784.1 786.2 784.7 785 786.9 789.5 790.6 792.2 793.7 795.2 795.5 796.2 796.9 797.6 797.9 798.5 798.7 799.3 799.6
758.9 760.7 764 765.3 766.2 768 772.8 775.1 777.1 777.5 776.6 777 774.6 773.7 772.1 771.8 772.9 772.8 771.5 771.4 772.1 772.2 772.3 772.8 771 770.3 768.7 769.1 769.9 771.9 773.9 774.1 773.1 771.1 774.9 776.5 776.6 775.7 776.7 777.6 779 780.5 782 783.2 785.2 788 790.2 791.6 793.5 794.9 795.8 796.1 796.9 797.6 798.1 798.5 799 799.1 799.8 800.2
760.5 762.9 765.5 767.7 769.1 769.3 772.6 774.7 776.1 777.1 775.9 775.3 774.3 773.9 773.3 773.8 774 774.4 773.5 773.8 773.8 773.5 772.5 771.6 770.8 769.9 769.4 769.7 771.4 772.1 774.3 775 774.9 773.4 772.3 773.2 773.9 774.9 777.6 778.6 780.2 781.5 783.8 785 786.9 788.9 792.2 793.4 795 796.2 797 797.4 798 798.2 798.7 799.1 799.8 800.1 800.9 801.2
761.9 764.8 767.5 769.3 769.3 769.7 771.8 772.8 775 776.1 775 774.2 773.8 773.9 774.3 775 775.4 775.3 774.8 774.8 774.1 773.5 772.5 771.7 770.9 770.2 770.7 771.6 772.5 773.1 775 775.5 775.6 775.3 774 775.2 774.4 774.9 776.8 778.5 781.2 782.4 784.3 785.9 787.5 789.6 792.3 794.9 796.7 797.6 798.6 798.6 798.8 799 799.4 799.8 800.5 800.8 801.6 802
763.7 765.5 767.9 767.9 768.4 769 770.2 771.1 772.9 773.9 773.5 773.5 774.4 775 775.5 776.1 776.4 776.6 776.4 775.9 774.5 773.6 772.5 771.7 771.1 771.6 772.8 773.6 773.6 774.7 776.2 776.3 777 776 775 775.8 775 775.5 778.5 780.2 782.4 783.6 786.2 787.1 789.1 791 794.3 796.5 799.7 799.5 799.9 799.9 800 800.1 800.7 801.1 801.6 802 802.9 803.1
765.4 766.5 766.6 766.7 767.5 768.3 769.7 770.9 773.4 773.7 772.6 772.9 775 775.7 776.4 777.1 777.6 777.3 777.3 776.4 774.6 773.8 772.8 772.1 771.9 772.5 774 775.2 775.1 775.4 777.1 777.7 777.9 776.9 775.9 776.1 776.5 776.7 779.6 781.2 783 784.3 786.8 788.1 789.6 791.9 795.4 796.7 799.7 799.9 800.7 800.7 800.8 801 801.5 802.2 802.6 803.1 803.8 804.1
764.3 764.5 765.6 766.2 766.9 767.2 768.3 770.1 771.7 771.7 772.2 772.7 774.5 775.1 777.1 778.1 778.1 778.2 778.1 776.5 775.4 774.7 773.4 772.8 772.9 773.6 774 775.4 776.8 777.3 777.6 778.7 779.4 779.1 778.3 778.5 777.8 777.6 781 782 783.8 784.9 786.9 788.3 790.7 792.5 795 797.8 800.2 800.6 801.9 801.7 802 802.4 803 803.7 804.3 804.6 805 804.9
763.6 764.7 766.1 766.5 767.4 767.6 768.5 769 770.5 770.8 772 772.8 774.1 775 776.5 777.8 778.7 778.8 778 776.5 776 775.1 773.5 773 773.6 774.5 775.8 776.2 777.4 778.2 779 779.6 779.9 780 780.5 780.6 779.8 778.3 780.7 782.3 784.3 785.4 787.8 788.8 790.7 792.8 795.4 797.8 800.4 800.8 802.1 802.4 803 803.5 803.9 804.4 804.9 805 805.4 805.3
764 764.7 766.2 766.9 768.3 768.9 769.8 770.3 771.2 772 772.6 773.1 774.8 776.3 778.1 778.8 779.7 779.4 778.2 777 775.7 774.9 774.5 774.2 774.8 775.6 777.5 777.9 778.3 779.2 781.3 781.5 781.7 782.1 783.4 783.2 783.4 782.3 780.7 782.2 785.6 787 788.6 790.2 791.9 793.2 795.4 797.5 800.2 801.2 802.5 803 804 804.5 804.9 805.3 805.4 805.5 804.9 804.6
764.7 765.4 766.7 767.5 768.9 769.8 770.7 770.9 772 773.1 774.2 774.9 776.3 777.4 779.1 779.8 780 779.5 778.1 776.5 775.8 775.4 775.6 775.5 776 776.6 778.2 779.1 779.6 779.9 781.8 782.5 782.8 783.7 784.7 785.4 784.7 783.4 781.8 782.5 785.4 787.5 789.3 790.8 792.7 794 796.3 797.6 799.9 801.2 802.4 803.3 804.4 805 805.6 805.4 805.2 805 804.2 804.2
765.3 766.3 767.4 768.5 769.9 770.6 771.9 772.4 773.2 774.3 775.6 776.8 778 779 780.4 781.3 780.5 779.4 778.2 777.2 778 778 778.8 777.7 778 779.1 780.1 780.7 782 782.2 783.5 784.1 784.9 785.9 787.4 787.6 786.1 784.6 783.3 782.7 785.4 787 789.6 791 793.3 794.5 796.4 797.3 798.8 800.5 802 803.2 804.7 805.1 805.5 805.6 804.9 804.6 803.5 803.3
