DataSet_WRR/MF_ws/hi_L1.asc
ncols         60
nrows         65
xllcorner     739300
yllcorner     4553050
cellsize      50
NODATA_value  -9999.9
[rows 23 to 45 of 65, columns 0 to 51 of 60]
-9999.9 -9999.9 -9999.9 -9999.9 -9999.9 -9999.9 -9999.9 -9999.9 -9999.9 -9999.9 748.4214477539062 749.1707763671875 750.4288940429688 751.2024536132812 751.7938842773438 752.2147827148438 752.5131225585938 752.6771850585938 752.698486328125 752.6101684570312 752.1787109375 -9999.9 -9999.9 -9999.9 758.7996826171875 760.0121459960938 761.1268920898438 762.1427001953125 763.1235961914062 764.041015625 764.9564819335938 765.86181640625 766.80517578125 767.7080078125 768.57080078125 769.3756103515625 770.1542358398438 770.9074096679688 771.6447143554688 772.3255004882812 773.0015869140625 773.6725463867188 774.3897705078125 775.1190185546875 775.7703247070312 776.313720703125 776.756591796875 777.0943603515625 777.3352661132812 777.5057373046875 777.6188354492188 -9999.9
-9999.9 -9999.9 -9999.9 -9999.9 -9999.9 -9999.9 -9999.9 -9999.9 -9999.9 -9999.9 -9999.9 -9999.9 751.7637329101562 752.2755126953125 752.8256225585938 753.2344970703125 753.4968872070312 753.6023559570312 753.5508422851562 753.3286743164062 752.5842895507812 -9999.9 -9999.9 757.5870361328125 758.7984619140625 759.98583984375 761.046875 762.0572509765625 763.0314331054688 763.9464721679688 764.865966796875 765.796630859375 766.8008422851562 767.7376098632812 768.5994262695312 769.40625 770.18896484375 770.9795532226562 771.7467041015625 772.4852294921875 773.178955078125 773.8672485351562 774.588623046875 775.2979736328125 775.9498291015625 776.515380859375 776.9807739257812 777.3204345703125 777.534423828125 777.64990234375 777.6680908203125 -9999.9
-9999.9 -9999.9 -9999.9 -9999.9 -9999.9 -9999.9 -9999.9 -9999.9 -9999.9 -9999.9 -9999.9 -9999.9 752.5296630859375 753.240234375 753.882568359375 754.3192138671875 754.56005859375 754.6447143554688 754.5440063476562 754.20947265625 -9999.9 -9999.9 756.5631103515625 757.6459350585938 758.7210693359375 -9999.9 760.96728515625 761.973388671875 762.9424438476562 763.8134765625 764.7111206054688 765.6530151367188 -9999.9 767.7857666015625 768.6016845703125 769.4100341796875 770.1778564453125 -9999.9 771.88427734375 772.64697265625 773.4010620117188 774.1198120117188 774.8365478515625 775.54345703125 776.2243041992188 776.8184814453125 777.3019409179688 777.636474609375 777.794189453125 777.8407592773438 -9999.9 -9999.9
-9999.9 -9999.9 -9999.9 -9999.9 -9999.9 -9999.9 -9999.9 -9999.9 -9999.9 -9999.9 -9999.9 -9999.9 -9999.9 754.1593627929688 755.0049438476562 755.4788208007812 755.714599609375 755.7935791015625 755.6919555664062 755.4107055664062 754.6759643554688 -9999.9 -9999.9 757.6754150390625 -9999.9 -9999.9 -9999.9 -9999.9 -9999.9 763.6040649414062 -9999.9 -9999.9 -9999.9 -9999.9 768.544677734375 -9999.9 770.213623046875 -9999.9 772.0352172851562 772.8214721679688 773.6022338867188 774.3588256835938 775.1295166015625 775.8778686523438 776.6028442382812 777.255615234375 777.7778930664062 778.0897827148438 778.114990234375 778.0167236328125 -9999.9 -9999.9
-9999.9 -9999.9 -9999.9 -9999.9 -9999.9 -9999.9 -9999.9 -9999.9 -9999.9 -9999.9 -9999.9 -9999.9 -9999.9 -9999.9 756.3729858398438 756.7472534179688 756.9769897460938 757.0435791015625 756.9578857421875 756.7384643554688 756.4238891601562 756.9166870117188 756.4985961914062 757.3718872070312 -9999.9 759.761474609375 -9999.9 -9999.9 -9999.9 763.3712158203125 764.3264770507812 -9999.9 -9999.9 767.5792236328125 768.4949951171875 769.3907470703125 770.267822265625 -9999.9 772.1701049804688 772.9901123046875 773.8065795898438 774.6162719726562 775.4575805664062 776.2866821289062 777.1087036132812 777.8645629882812 778.4924926757812 778.8331298828125 778.5213012695312 -9999.9 -9999.9 -9999.9
-9999.9 -9999.9 -9999.9 -9999.9 -9999.9 -9999.9 -9999.9 -9999.9 -9999.9 -9999.9 -9999.9 -9999.9 -9999.9 -9999.9 757.2546997070312 758.0297241210938 758.3182983398438 758.3662109375 758.2655639648438 758.0407104492188 757.4659423828125 758.1136474609375 758.3391723632812 758.6102905273438 758.4033813476562 759.4672241210938 -9999.9 -9999.9 762.0424194335938 762.9928588867188 -9999.9 -9999.9 766.4619750976562 767.4191284179688 -9999.9 769.3646240234375 -9999.9 -9999.9 772.3015747070312 773.1649169921875 774.0256958007812 774.9028930664062 775.8237915039062 776.753173828125 777.7157592773438 778.6373291015625 779.5201416015625 780.1990966796875 -9999.9 -9999.9 -9999.9 -9999.9
-9999.9 -9999.9 -9999.9 -9999.9 -9999.9 -9999.9 -9999.9 -9999.9 -9999.9 -9999.9 -9999.9 -9999.9 -9999.9 -9999.9 -9999.9 759.6934204101562 759.7501220703125 759.720458984375 759.6087646484375 759.4557495117188 759.2205200195312 759.4865112304688 759.6893310546875 759.9207763671875 760.131591796875 760.5534057617188 760.9231567382812 760.3140258789062 760.908447265625 -9999.9 -9999.9 765.05126953125 -9999.9 767.3965454101562 768.4483032226562 769.4366455078125 770.45751953125 771.4622192382812 772.4237060546875 773.342041015625 774.281005859375 775.2325439453125 776.2457885742188 777.2905883789062 778.411865234375 779.5776977539062 780.8079223632812 782.1655883789062 784.0562744140625 785.3657836914062 786.303955078125 786.951904296875
-9999.9 -9999.9 -9999.9 -9999.9 -9999.9 -9999.9 -9999.9 -9999.9 -9999.9 -9999.9 -9999.9 -9999.9 -9999.9 -9999.9 -9999.9 761.1787109375 761.1404418945312 761.0523681640625 760.9429321289062 760.8287353515625 760.7218017578125 760.8203735351562 760.9476318359375 761.12451171875 761.30322265625 761.534912109375 761.7342529296875 761.8189697265625 761.9996337890625 761.34912109375 763.7859497070312 764.8356323242188 -9999.9 767.3413696289062 768.4468994140625 769.50732421875 770.563720703125 771.6046752929688 772.5750732421875 773.56591796875 774.57568359375 775.62890625 776.7268676757812 777.8919677734375 779.1857299804688 780.5330810546875 781.8880615234375 783.2098999023438 784.5455322265625 785.6722412109375 786.5786743164062 787.2401123046875
-9999.9 -9999.9 -9999.9 -9999.9 -9999.9 -9999.9 -9999.9 -9999.9 -9999.9 -9999.9 -9999.9 -9999.9 -9999.9 -9999.9 -9999.9 762.6007080078125 762.4682006835938 762.3357543945312 762.2127075195312 762.1196899414062 762.0402221679688 762.0634155273438 762.1575317382812 762.2745971679688 762.3998413085938 762.543701171875 762.65966796875 762.7320556640625 762.7293090820312 763.3136596679688 764.150390625 764.204833984375 765.9641723632812 767.2133178710938 768.4237670898438 769.5615234375 770.6564331054688 771.7284545898438 772.814453125 773.8720703125 774.973388671875 776.0565795898438 777.2736206054688 778.5787353515625 780.0020751953125 781.4374389648438 782.7442626953125 783.9729614257812 785.1198120117188 786.1685180664062 787.08837890625 787.798828125
-9999.9 -9999.9 -9999.9 -9999.9 -9999.9 -9999.9 -9999.9 -9999.9 -9999.9 -9999.9 -9999.9 -9999.9 -9999.9 -9999.9 764.7462768554688 764.0368041992188 763.705322265625 763.5134887695312 763.3785400390625 763.3037719726562 763.228271484375 763.2218017578125 763.2791748046875 763.356689453125 763.4429931640625 763.533935546875 763.6038208007812 763.6034545898438 763.0916748046875 764.198974609375 764.8599243164062 765.369873046875 765.4014892578125 767.0913696289062 768.4498291015625 769.6766357421875 770.8154907226562 771.950439453125 773.1201171875 774.265869140625 775.3997192382812 776.5559692382812 777.8890380859375 779.3072509765625 780.795654296875 782.2119140625 783.4515380859375 784.642578125 785.7523803710938 786.8037109375 787.765380859375 788.613037109375
-9999.9 -9999.9 -9999.9 -9999.9 -9999.9 -9999.9 -9999.9 -9999.9 -9999.9 -9999.9 -9999.9 -9999.9 -9999.9 765.82275390625 765.4024658203125 765.0059814453125 764.7351684570312 764.5557861328125 764.43408203125 764.3577880859375 764.306396484375 764.2951049804688 764.324462890625 764.377197265625 764.4437866210938 764.5133056640625 764.5740966796875 764.6146240234375 764.450927734375 765.1643676757812 765.7017211914062 766.1729736328125 766.5769653320312 766.3232421875 768.5761108398438 769.897705078125 771.0778198242188 772.2623291015625 773.4716186523438 774.6256103515625 775.83154296875 777.08984375 778.559814453125 779.9982299804688 781.45361328125 782.7997436523438 784.0582885742188 785.32275390625 786.4846801757812 787.5745849609375 788.5861206054688 789.5222778320312
-9999.9 -9999.9 -9999.9 -9999.9 -9999.9 -9999.9 -9999.9 -9999.9 -9999.9 -9999.9 -9999.9 -9999.9 766.343994140625 766.1505737304688 765.9638671875 765.75 765.580078125 765.453857421875 765.36767578125 765.3087158203125 765.2803344726562 765.2774658203125 765.2962036132812 765.3364868164062 765.3917846679688 765.454345703125 765.5303955078125 765.6475830078125 765.7920532226562 766.1761474609375 766.6099243164062 767.0342407226562 767.4453125 767.6578979492188 769.08642578125 770.2885131835938 771.4430541992188 772.6373291015625 773.8465576171875 775.0364379882812 776.3154907226562 777.67236328125 779.1771240234375 780.611572265625 781.98876953125 783.3903198242188 784.712890625 785.986572265625 787.1972045898438 788.3319091796875 789.3941040039062 790.3819580078125
-9999.9 -9999.9 -9999.9 -9999.9 -9999.9 -9999.9 -9999.9 -9999.9 -9999.9 -9999.9 -9999.9 -9999.9 766.5155639648438 766.4788208007812 766.4535522460938 766.3724975585938 766.2913208007812 766.2322387695312 766.1986694335938 766.1781616210938 766.1724853515625 766.1820068359375 766.2055053710938 766.233154296875 766.2840576171875 766.3419799804688 766.4268188476562 766.6170043945312 766.8218994140625 767.1578979492188 767.5359497070312 767.9318237304688 768.3408203125 768.72265625 769.7280883789062 770.7716064453125 771.8632202148438 773.0464477539062 774.2633056640625 775.5195922851562 776.8487548828125 778.2246704101562 779.7045288085938 781.14990234375 782.5588989257812 783.9689331054688 785.3450317382812 786.6595458984375 787.9086303710938 789.0845336914062 790.1834106445312 791.2029418945312
-9999.9 -9999.9 -9999.9 -9999.9 -9999.9 -9999.9 -9999.9 -9999.9 -9999.9 -9999.9 -9999.9 766.7200927734375 766.6830444335938 766.7821655273438 766.8883056640625 766.9127807617188 766.8905639648438 766.8958740234375 766.9368286132812 766.9590454101562 766.9872436523438 767.022705078125 767.0590209960938 767.0835571289062 767.1318359375 767.1785888671875 767.1312866210938 767.47509765625 767.761474609375 768.1005859375 768.4617919921875 768.8352661132812 769.2161254882812 769.5255737304688 -9999.9 771.2752075195312 772.2534790039062 773.4210815429688 774.67724609375 775.9910888671875 777.3817749023438 778.814208984375 780.3121337890625 781.6727905273438 783.1273193359375 784.5806884765625 785.99072265625 787.3369750976562 788.6109008789062 789.8195190429688 790.9555053710938 791.9946899414062
-9999.9 -9999.9 -9999.9 -9999.9 -9999.9 -9999.9 -9999.9 -9999.9 -9999.9 -9999.9 -9999.9 -9999.9 -9999.9 767.0540771484375 767.2886962890625 767.3954467773438 767.4703979492188 767.5414428710938 767.606689453125 767.674072265625 767.7421264648438 767.8037719726562 767.8703002929688 767.9088745117188 767.9478759765625 768.0070190429688 768.1257934570312 768.3739013671875 768.6926879882812 769.0259399414062 769.385498046875 769.7483520507812 770.1235961914062 770.5020141601562 770.750732421875 771.6198120117188 772.3436279296875 773.7544555664062 775.0960083007812 776.4427490234375 777.8530883789062 779.306396484375 780.8023071289062 782.2781982421875 783.7676391601562 785.236328125 786.6497802734375 788.01318359375 789.2515869140625 790.48974609375 791.7056274414062 792.772705078125
-9999.9 -9999.9 -9999.9 -9999.9 -9999.9 -9999.9 -9999.9 -9999.9 -9999.9 -9999.9 -9999.9 -9999.9 -9999.9 -9999.9 767.8081665039062 767.9050903320312 768.04150390625 768.1677856445312 768.278076171875 768.3854370117188 768.486083984375 768.5888671875 768.6554565429688 768.699462890625 768.7333374023438 768.6376342773438 769.0123291015625 769.3050537109375 769.6251220703125 769.9595947265625 770.317626953125 770.679443359375 771.0526123046875 771.44189453125 771.8665771484375 772.4262084960938 772.8460083007812 774.2913208007812 775.5739135742188 776.9526977539062 778.4056396484375 779.88037109375 781.39453125 782.9144897460938 784.4303588867188 785.9103393554688 787.3422241210938 788.6640625 789.9764404296875 791.229248046875 792.4143676757812 793.5377197265625
-9999.9 -9999.9 -9999.9 -9999.9 -9999.9 -9999.9 -9999.9 -9999.9 -9999.9 -9999.9 -9999.9 -9999.9 -9999.9 -9999.9 768.214599609375 768.35546875 768.5992431640625 768.794921875 768.9503784179688 769.0908813476562 769.2327270507812 769.3347778320312 769.4140014648438 769.4764404296875 769.5065307617188 769.6895141601562 769.9505615234375 770.2449951171875 770.56103515625 770.9015502929688 771.25732421875 771.6192626953125 771.9906616210938 772.3866577148438 772.796630859375 773.2561645507812 773.4588012695312 774.88671875 776.1943969726562 777.5687866210938 779.0169067382812 780.50439453125 782.0400390625 783.5863647460938 785.13525390625 786.6253051757812 788.04833984375 789.44091796875 790.8264770507812 792.0648193359375 793.2072143554688 794.269775390625
-9999.9 -9999.9 -9999.9 -9999.9 -9999.9 -9999.9 -9999.9 -9999.9 -9999.9 -9999.9 -9999.9 -9999.9 -9999.9 -9999.9 768.4593505859375 768.6787719726562 769.1858520507812 769.4330444335938 769.6162109375 769.778076171875 769.9348754882812 770.0555419921875 770.1539916992188 770.2697143554688 770.3748779296875 770.5853881835938 770.8648071289062 771.1719360351562 771.496337890625 771.8363647460938 772.1947631835938 772.5546875 772.9317626953125 773.3294677734375 773.7449951171875 774.2081909179688 774.7780151367188 775.5947875976562 776.8572998046875 778.2108154296875 779.6439208984375 781.1486206054688 782.7178344726562 784.3033447265625 785.8916625976562 787.4356079101562 788.9121704101562 790.324462890625 791.7294921875 792.9476928710938 794.0316772460938 795.01708984375
-9999.9 -9999.9 -9999.9 -9999.9 -9999.9 -9999.9 -9999.9 -9999.9 -9999.9 -9999.9 -9999.9 -9999.9 -9999.9 -9999.9 -9999.9 -9999.9 769.9833374023438 770.1127319335938 770.2787475585938 770.4446411132812 770.616943359375 770.75537109375 770.8701171875 770.993896484375 771.1826782226562 771.44921875 771.7476806640625 772.0819091796875 772.4236450195312 772.772705078125 773.12255859375 773.491943359375 773.8849487304688 774.2818603515625 774.704833984375 775.1578369140625 775.635986328125 776.0418090820312 777.5164184570312 778.8718872070312 780.3096923828125 781.8270263671875 783.4193115234375 785.0392456054688 786.6867065429688 788.3090209960938 789.8848876953125 791.329833984375 792.7760009765625 793.9564819335938 794.9083251953125 795.7792358398438
-9999.9 -9999.9 -9999.9 -9999.9 -9999.9 -9999.9 -9999.9 -9999.9 -9999.9 -9999.9 -9999.9 -9999.9 -9999.9 -9999.9 -9999.9 -9999.9 770.6256103515625 770.7299194335938 770.894287109375 771.0980834960938 771.2793579101562 771.4373779296875 771.5615844726562 771.4472045898438 771.9523315429688 772.2891235351562 772.6246948242188 772.9732666015625 773.3305053710938 773.68505859375 774.0364990234375 774.409423828125 774.818359375 775.2312622070312 775.6565551757812 776.1143188476562 776.5567626953125 776.75439453125 778.2576293945312 779.5647583007812 780.9771118164062 782.4927368164062 784.1051635742188 785.7680053710938 787.478271484375 789.1973876953125 790.9328002929688 792.4365234375 793.7656860351562 794.8884887695312 795.8202514648438 796.57421875
-9999.9 -9999.9 -9999.9 -9999.9 -9999.9 -9999.9 -9999.9 -9999.9 -9999.9 -9999.9 -9999.9 -9999.9 -9999.9 -9999.9 -9999.9 -9999.9 771.1495971679688 771.2599487304688 771.4474487304688 771.6884765625 771.9058837890625 772.10888671875 772.3052978515625 772.5394897460938 772.8092041015625 773.1400146484375 773.49755859375 773.8551025390625 774.21435546875 774.5755004882812 774.9119873046875 775.2960815429688 775.7091674804688 776.1442260742188 776.6177978515625 777.1074829101562 777.6376342773438 778.2412719726562 779.1006469726562 780.2636108398438 781.6376342773438 783.1325073242188 784.7631225585938 786.4743041992188 788.2722778320312 790.1337280273438 791.8410034179688 793.3478393554688 794.6332397460938 795.737060546875 796.5839233398438 797.2485961914062
-9999.9 -9999.9 -9999.9 -9999.9 -9999.9 -9999.9 -9999.9 -9999.9 -9999.9 -9999.9 -9999.9 -9999.9 -9999.9 -9999.9 -9999.9 -9999.9 771.5359497070312 771.67578125 771.9246826171875 772.2132568359375 772.4822387695312 772.7479248046875 773.02197265625 773.3292846679688 773.6347045898438 773.9730224609375 774.3390502929688 774.69873046875 775.063720703125 775.4381713867188 775.7870483398438 776.1989135742188 776.6358642578125 777.1072998046875 777.6148071289062 778.1554565429688 778.709716796875 779.3157958984375 779.98388671875 780.8897705078125 782.2384643554688 783.7429809570312 785.363525390625 787.1032104492188 789.0550537109375 790.899169921875 792.6002807617188 794.0836791992188 795.3551025390625 796.4051513671875 797.2308959960938 797.8313598632812
-9999.9 -9999.9 -9999.9 -9999.9 -9999.9 -9999.9 -9999.9 -9999.9 -9999.9 -9999.9 -9999.9 -9999.9 -9999.9 -9999.9 -9999.9 -9999.9 771.756591796875 771.9413452148438 772.34375 772.67626953125 773.0040283203125 773.3576049804688 773.7162475585938 774.0745849609375 774.4219970703125 774.7772216796875 775.1441650390625 775.5120239257812 775.8533325195312 776.2472534179688 776.6714477539062 777.1255493164062 777.605712890625 778.121337890625 778.6831665039062 779.252685546875 779.788818359375 780.3065185546875 780.7887573242188 781.1397705078125 782.76220703125 784.2908325195312 785.9256591796875 787.6898193359375 789.6646728515625 791.4990844726562 793.172119140625 794.6359252929688 795.8743896484375 796.88916015625 797.680908203125 798.2378540039062
