DataSet_WRR/MF_ws/hi_L2.asc
ncols         60
nrows         65
xllcorner     739300
yllcorner     4553050
cellsize      50
NODATA_value  -9999.9
[rows 23 to 45 of 65, columns 0 to 51 of 60]
-9999.9 -9999.9 -9999.9 -9999.9 -9999.9 -9999.9 -9999.9 -9999.9 -9999.9 -9999.9 748.4204711914062 749.1697998046875 750.42822265625 751.2012329101562 751.7869262695312 752.2144165039062 752.5125732421875 752.6763305664062 752.69775390625 752.6088256835938 752.4789428710938 754.3047485351562 755.9732055664062 757.477294921875 758.7927856445312 760.0055541992188 761.1162719726562 762.1419067382812 763.1226806640625 764.040283203125 764.9555053710938 765.86083984375 766.8036499023438 767.70654296875 768.5693969726562 769.374755859375 770.1534423828125 770.9067993164062 771.6437377929688 772.3236694335938 773.0007934570312 773.6712646484375 774.3875732421875 775.1162109375 775.767578125 776.3114013671875 776.7543334960938 777.0921020507812 777.3331298828125 777.5034790039062 777.6165161132812 -9999.9
-9999.9 -9999.9 -9999.9 -9999.9 -9999.9 -9999.9 -9999.9 -9999.9 -9999.9 -9999.9 -9999.9 -9999.9 751.76318359375 752.2742309570312 752.817138671875 753.2335205078125 753.4962158203125 753.6015625 753.5499877929688 753.3270874023438 752.9199829101562 754.7305908203125 756.3104858398438 757.5816040039062 758.7925415039062 759.9794311523438 761.0458374023438 762.056396484375 763.0303955078125 763.9453735351562 764.86474609375 765.79541015625 766.799072265625 767.7357177734375 768.5977172851562 769.405029296875 770.1878051757812 770.9784545898438 771.7452392578125 772.4838256835938 773.1765747070312 773.864990234375 774.5856323242188 775.294921875 775.9465942382812 776.5132446289062 776.9786376953125 777.3182983398438 777.5322875976562 777.6476440429688 777.665771484375 -9999.9
-9999.9 -9999.9 -9999.9 -9999.9 -9999.9 -9999.9 -9999.9 -9999.9 -9999.9 -9999.9 -9999.9 -9999.9 752.529052734375 753.2387084960938 753.8722534179688 754.3106079101562 754.5594482421875 754.6438598632812 754.5430297851562 754.2046508789062 753.501708984375 755.351318359375 756.5611572265625 757.6432495117188 758.7197265625 760.042724609375 760.9574584960938 761.9713134765625 762.940673828125 763.812255859375 764.7099609375 765.6510009765625 766.8309326171875 767.7827758789062 768.6001586914062 769.408935546875 770.1764526367188 771.112548828125 771.8816528320312 772.64404296875 773.3982543945312 774.1178588867188 774.8348388671875 775.541748046875 776.2222900390625 776.81640625 777.2998046875 777.6341552734375 777.7918090820312 777.83837890625 -9999.9 -9999.9
-9999.9 -9999.9 -9999.9 -9999.9 -9999.9 -9999.9 -9999.9 -9999.9 -9999.9 -9999.9 -9999.9 -9999.9 -9999.9 754.1574096679688 754.9959716796875 755.4691772460938 755.7140502929688 755.7927856445312 755.6895141601562 755.4078979492188 754.9510498046875 756.0415649414062 756.847900390625 757.675048828125 758.7760620117188 759.923095703125 760.8141479492188 761.834716796875 762.8392944335938 763.6028442382812 764.5496826171875 765.591064453125 766.7091064453125 767.7864379882812 768.5433959960938 769.4392700195312 770.2118530273438 771.2213134765625 772.031982421875 772.818603515625 773.5996704101562 774.356689453125 775.1273193359375 775.8757934570312 776.6007080078125 777.25341796875 777.7755126953125 778.0872802734375 778.1123657226562 778.0140380859375 -9999.9 -9999.9
-9999.9 -9999.9 -9999.9 -9999.9 -9999.9 -9999.9 -9999.9 -9999.9 -9999.9 -9999.9 -9999.9 -9999.9 -9999.9 -9999.9 756.3632202148438 756.7371215820312 756.9755249023438 757.04248046875 756.95166015625 756.7362670898438 756.49072265625 756.9107666015625 756.9120483398438 757.6320190429688 758.8648071289062 759.7581787109375 760.711181640625 761.6053466796875 762.514892578125 763.3623657226562 764.3252563476562 765.489013671875 766.6419067382812 767.5780029296875 768.494140625 769.3890991210938 770.2658081054688 771.3214721679688 772.1676025390625 772.98779296875 773.804443359375 774.6143188476562 775.455078125 776.2841796875 777.10595703125 777.8617553710938 778.4896240234375 778.8301391601562 778.5181884765625 -9999.9 -9999.9 -9999.9
-9999.9 -9999.9 -9999.9 -9999.9 -9999.9 -9999.9 -9999.9 -9999.9 -9999.9 -9999.9 -9999.9 -9999.9 -9999.9 -9999.9 757.2437744140625 758.0218505859375 758.3062133789062 758.3566284179688 758.2590942382812 758.0418090820312 757.68896484375 758.1181640625 758.3473510742188 758.6506958007812 758.8482055664062 759.7045288085938 760.6666259765625 761.2973022460938 762.037109375 762.9888916015625 764.1668090820312 765.3943481445312 766.4608764648438 767.4151611328125 768.4970092773438 769.3631591796875 770.3914184570312 771.4420776367188 772.2996215820312 773.1629028320312 774.02392578125 774.9008178710938 775.8214721679688 776.7506103515625 777.7127075195312 778.6343994140625 779.5167846679688 780.19580078125 -9999.9 -9999.9 -9999.9 -9999.9
-9999.9 -9999.9 -9999.9 -9999.9 -9999.9 -9999.9 -9999.9 -9999.9 -9999.9 -9999.9 -9999.9 -9999.9 -9999.9 -9999.9 -9999.9 759.6830444335938 759.73828125 759.7113647460938 759.6054077148438 759.4524536132812 759.2780151367188 759.4880981445312 759.6893310546875 759.9183959960938 760.1517333984375 760.5733032226562 760.94140625 760.8423461914062 761.40185546875 762.6024780273438 763.9525756835938 765.046142578125 766.376220703125 767.3955688476562 768.4473876953125 769.4360961914062 770.456787109375 771.4613647460938 772.422119140625 773.3408203125 774.2792358398438 775.2305297851562 776.2433471679688 777.287841796875 778.4083862304688 779.5739135742188 780.8040771484375 782.1624755859375 784.0543823242188 785.364501953125 786.30322265625 786.951171875
-9999.9 -9999.9 -9999.9 -9999.9 -9999.9 -9999.9 -9999.9 -9999.9 -9999.9 -9999.9 -9999.9 -9999.9 -9999.9 -9999.9 -9999.9 761.1690673828125 761.1296997070312 761.0457153320312 760.9375 760.824462890625 760.735107421875 760.82080078125 760.9521484375 761.123291015625 761.3078002929688 761.5414428710938 761.7410278320312 761.8294677734375 762.0286254882812 762.1721801757812 763.7821655273438 764.843017578125 766.225341796875 767.3283081054688 768.432861328125 769.4913330078125 770.5624389648438 771.58203125 772.5728759765625 773.5648193359375 774.5740966796875 775.6264038085938 776.7242431640625 777.8887939453125 779.1818237304688 780.529296875 781.8842163085938 783.207275390625 784.5438842773438 785.6713256835938 786.5780029296875 787.2394409179688
-9999.9 -9999.9 -9999.9 -9999.9 -9999.9 -9999.9 -9999.9 -9999.9 -9999.9 -9999.9 -9999.9 -9999.9 -9999.9 -9999.9 -9999.9 762.5888061523438 762.4584350585938 762.3258666992188 762.2051391601562 762.1105346679688 762.0413208007812 762.0654907226562 762.1534423828125 762.2695922851562 762.3980712890625 762.540771484375 762.6582641601562 762.7301025390625 762.8112182617188 763.3250122070312 764.1536865234375 764.663818359375 765.9667358398438 767.2068481445312 768.4140014648438 769.5485229492188 770.6550903320312 771.7269897460938 772.812255859375 773.8701782226562 774.9707641601562 776.054443359375 777.2705078125 778.574951171875 779.9976196289062 781.4335327148438 782.741455078125 783.9711303710938 785.119140625 786.1680908203125 787.0877685546875 787.7984008789062
-9999.9 -9999.9 -9999.9 -9999.9 -9999.9 -9999.9 -9999.9 -9999.9 -9999.9 -9999.9 -9999.9 -9999.9 -9999.9 -9999.9 764.7371826171875 764.0254516601562 763.6964721679688 763.5040893554688 763.3716430664062 763.2890014648438 763.22412109375 763.2208251953125 763.2734375 763.3505249023438 763.4385986328125 763.52978515625 763.5985107421875 763.6026611328125 763.4609985351562 764.2001953125 764.8565673828125 765.3736572265625 765.8389282226562 767.095703125 768.4406127929688 769.6659545898438 770.814208984375 771.9485473632812 773.1171264648438 774.2630004882812 775.3971557617188 776.5535278320312 777.8856201171875 779.3032836914062 780.7913818359375 782.2085571289062 783.4498291015625 784.6412353515625 785.75146484375 786.802978515625 787.764892578125 788.6127319335938
-9999.9 -9999.9 -9999.9 -9999.9 -9999.9 -9999.9 -9999.9 -9999.9 -9999.9 -9999.9 -9999.9 -9999.9 -9999.9 765.8087768554688 765.39111328125 764.992431640625 764.722412109375 764.5440673828125 764.4236450195312 764.3466796875 764.2979125976562 764.28857421875 764.3174438476562 764.3699340820312 764.43603515625 764.5060424804688 764.5686645507812 764.6109619140625 764.610107421875 765.1661376953125 765.6976928710938 766.1682739257812 766.5808715820312 766.9232788085938 768.5748901367188 769.8909912109375 771.07666015625 772.2606201171875 773.4694213867188 774.624267578125 775.82958984375 777.08740234375 778.5560913085938 779.9951782226562 781.450927734375 782.7981567382812 784.0560913085938 785.3003540039062 786.4640502929688 787.55517578125 788.56787109375 789.5028686523438
-9999.9 -9999.9 -9999.9 -9999.9 -9999.9 -9999.9 -9999.9 -9999.9 -9999.9 -9999.9 -9999.9 -9999.9 766.343505859375 766.1502685546875 765.9502563476562 765.7378540039062 765.56689453125 765.4417724609375 765.3563232421875 765.2998657226562 765.271240234375 765.2684936523438 765.28857421875 765.3280639648438 765.3828125 765.4469604492188 765.5263671875 765.6417846679688 765.8013916015625 766.1760864257812 766.6055297851562 767.0302734375 767.441650390625 767.848388671875 769.089111328125 770.2841796875 771.4417724609375 772.6358032226562 773.8447265625 775.0350341796875 776.3136596679688 777.6699829101562 779.1741943359375 780.6090087890625 781.9861450195312 783.369873046875 784.6932983398438 785.9677124023438 787.1775512695312 788.3131103515625 789.3750610351562 790.3639526367188
-9999.9 -9999.9 -9999.9 -9999.9 -9999.9 -9999.9 -9999.9 -9999.9 -9999.9 -9999.9 -9999.9 -9999.9 766.5148315429688 766.4784545898438 766.4390258789062 766.3595581054688 766.2778930664062 766.2188720703125 766.1858520507812 766.1661376953125 766.16162109375 766.1722412109375 766.1956787109375 766.2261962890625 766.2755737304688 766.3353881835938 766.423095703125 766.6027221679688 766.8230590820312 767.1529541015625 767.5306396484375 767.9261474609375 768.3353881835938 768.7891235351562 769.7265625 770.7699584960938 771.8613891601562 773.0357055664062 774.2549438476562 775.5125732421875 776.8379516601562 778.2222900390625 779.7001953125 781.1336059570312 782.5462646484375 783.955078125 785.32763671875 786.6416625976562 787.8897094726562 789.0655517578125 790.1650390625 791.1847534179688
-9999.9 -9999.9 -9999.9 -9999.9 -9999.9 -9999.9 -9999.9 -9999.9 -9999.9 -9999.9 -9999.9 766.7189331054688 766.6824951171875 766.7817993164062 766.8739013671875 766.8986206054688 766.8903198242188 766.8955688476562 766.924560546875 766.9474487304688 766.976318359375 767.0116577148438 767.0482177734375 767.0799560546875 767.1234741210938 767.1718139648438 767.2156372070312 767.479248046875 767.7619018554688 768.0941162109375 768.4542846679688 768.8284301757812 769.211669921875 769.5997314453125 770.419189453125 771.2689208984375 772.2463989257812 773.4161376953125 774.6712646484375 775.983154296875 777.364990234375 778.7947998046875 780.2759399414062 781.6728515625 783.1212158203125 784.5684204101562 785.974609375 787.3190307617188 788.5910034179688 789.7996826171875 790.9365844726562 791.9773559570312
-9999.9 -9999.9 -9999.9 -9999.9 -9999.9 -9999.9 -9999.9 -9999.9 -9999.9 -9999.9 -9999.9 -9999.9 -9999.9 767.0537719726562 767.2885131835938 767.3952026367188 767.4700317382812 767.5409545898438 767.6063842773438 767.673583984375 767.7416381835938 767.8023071289062 767.8593139648438 767.8999633789062 767.9410400390625 767.9999389648438 768.1357421875 768.3828735351562 768.6890869140625 769.0215454101562 769.3775634765625 769.7420654296875 770.1173095703125 770.5005493164062 770.9055786132812 771.6762084960938 772.4723510742188 773.7698364257812 775.0939331054688 776.4429931640625 777.8514404296875 779.3037109375 780.79443359375 782.2697143554688 783.755615234375 785.2216796875 786.6376342773438 787.9922485351562 789.2515869140625 790.4896240234375 791.6845703125 792.7545776367188
-9999.9 -9999.9 -9999.9 -9999.9 -9999.9 -9999.9 -9999.9 -9999.9 -9999.9 -9999.9 -9999.9 -9999.9 -9999.9 -9999.9 767.8079223632812 767.9046630859375 768.0409545898438 768.167236328125 768.277587890625 768.3849487304688 768.4854736328125 768.57666015625 768.6437377929688 768.6912841796875 768.7279052734375 768.7428588867188 769.0177612304688 769.304443359375 769.6195678710938 769.9539794921875 770.3087768554688 770.6712646484375 771.0452880859375 771.4370727539062 771.8685913085938 772.42626953125 772.9838256835938 774.2869262695312 775.5853881835938 776.958251953125 778.4007568359375 779.8751220703125 781.3862915039062 782.9044189453125 784.4186401367188 785.8982543945312 787.3236694335938 788.6637573242188 789.9761962890625 791.229248046875 792.4141235351562 793.5181274414062
-9999.9 -9999.9 -9999.9 -9999.9 -9999.9 -9999.9 -9999.9 -9999.9 -9999.9 -9999.9 -9999.9 -9999.9 -9999.9 -9999.9 768.2141723632812 768.3548583984375 768.5985717773438 768.794189453125 768.9496459960938 769.0902099609375 769.2201538085938 769.3233032226562 769.4044799804688 769.4720458984375 769.5330810546875 769.6917724609375 769.946533203125 770.2384033203125 770.5545654296875 770.8927612304688 771.246826171875 771.609130859375 771.9829711914062 772.3781127929688 772.7945556640625 773.2538452148438 773.6497192382812 774.8939819335938 776.1942749023438 777.565673828125 779.0087890625 780.496826171875 782.0303344726562 783.5771484375 785.123046875 786.6149291992188 788.0478515625 789.4402465820312 790.8253173828125 792.0642700195312 793.2069702148438 794.2633056640625
-9999.9 -9999.9 -9999.9 -9999.9 -9999.9 -9999.9 -9999.9 -9999.9 -9999.9 -9999.9 -9999.9 -9999.9 -9999.9 -9999.9 768.458740234375 768.6781005859375 769.18505859375 769.4323120117188 769.615478515625 769.7772827148438 769.9241333007812 770.0451049804688 770.14697265625 770.2560424804688 770.3790283203125 770.585693359375 770.8580932617188 771.1631469726562 771.4874877929688 771.8277587890625 772.1832275390625 772.5458374023438 772.9243774414062 773.3221435546875 773.7416381835938 774.2081909179688 774.7681884765625 775.61279296875 776.8550415039062 778.2070922851562 779.6400146484375 781.1432495117188 782.7077026367188 784.2923583984375 785.87939453125 787.4225463867188 788.911376953125 790.3237915039062 791.7284545898438 792.9471435546875 794.031494140625 795.016357421875
-9999.9 -9999.9 -9999.9 -9999.9 -9999.9 -9999.9 -9999.9 -9999.9 -9999.9 -9999.9 -9999.9 -9999.9 -9999.9 -9999.9 -9999.9 -9999.9 769.9826049804688 770.1119384765625 770.2780151367188 770.4439697265625 770.6063842773438 770.7449951171875 770.8621826171875 770.9816284179688 771.1835327148438 771.4458618164062 771.7438354492188 772.0718994140625 772.4116821289062 772.7593383789062 773.11181640625 773.4813842773438 773.8729248046875 774.2733154296875 774.6973266601562 775.15234375 775.6377563476562 776.1655883789062 777.5122680664062 778.8692016601562 780.3038940429688 781.8189697265625 783.4072875976562 785.0280151367188 786.6734619140625 788.296875 789.8703002929688 791.3289184570312 792.7578125 793.9367065429688 794.9076538085938 795.779052734375
-9999.9 -9999.9 -9999.9 -9999.9 -9999.9 -9999.9 -9999.9 -9999.9 -9999.9 -9999.9 -9999.9 -9999.9 -9999.9 -9999.9 -9999.9 -9999.9 770.6249389648438 770.7291870117188 770.8937377929688 771.0850219726562 771.2666015625 771.4263305664062 771.5514526367188 771.583984375 771.955078125 772.2852783203125 772.6182861328125 772.9637451171875 773.317138671875 773.6708374023438 774.0225219726562 774.3978271484375 774.80322265625 775.2181396484375 775.6474609375 776.1065673828125 776.5567626953125 776.9290161132812 778.2546997070312 779.5628662109375 780.9727783203125 782.48583984375 784.0942993164062 785.7574462890625 787.4678955078125 789.1893310546875 790.90234375 792.4054565429688 793.7457275390625 794.8680419921875 795.7998657226562 796.55419921875
-9999.9 -9999.9 -9999.9 -9999.9 -9999.9 -9999.9 -9999.9 -9999.9 -9999.9 -9999.9 -9999.9 -9999.9 -9999.9 -9999.9 -9999.9 -9999.9 771.1488037109375 771.2592163085938 771.4469604492188 771.6737670898438 771.8924560546875 772.09912109375 772.2998046875 772.5198364257812 772.8062133789062 773.1346435546875 773.48583984375 773.8414306640625 774.1998291015625 774.55908203125 774.9115600585938 775.2955322265625 775.7086791992188 776.1436767578125 776.6168823242188 777.1065673828125 777.6361694335938 778.2352905273438 779.1190185546875 780.2665405273438 781.63232421875 783.1284790039062 784.7533569335938 786.4636840820312 788.2621459960938 790.1058959960938 791.8140258789062 793.3203125 794.6115112304688 795.706787109375 796.563232421875 797.2280883789062
-9999.9 -9999.9 -9999.9 -9999.9 -9999.9 -9999.9 -9999.9 -9999.9 -9999.9 -9999.9 -9999.9 -9999.9 -9999.9 -9999.9 -9999.9 -9999.9 771.5352172851562 771.6751708984375 771.9239501953125 772.1994018554688 772.4697875976562 772.740234375 773.0173950195312 773.3168334960938 773.6272583007812 773.9652709960938 774.325439453125 774.685546875 775.0477905273438 775.4204711914062 775.7868041992188 776.1985473632812 776.6354370117188 777.106689453125 777.6138916015625 778.154296875 778.7083129882812 779.3074340820312 779.9909057617188 780.8964233398438 782.2353515625 783.7371826171875 785.3587036132812 787.1016235351562 789.0277709960938 790.8737182617188 792.5751342773438 794.0593872070312 795.3284912109375 796.3775634765625 797.20166015625 797.8007202148438
-9999.9 -9999.9 -9999.9 -9999.9 -9999.9 -9999.9 -9999.9 -9999.9 -9999.9 -9999.9 -9999.9 -9999.9 -9999.9 -9999.9 -9999.9 -9999.9 771.755859375 771.9408569335938 772.34326171875 772.6621704101562 772.990234375 773.3458251953125 773.704833984375 774.0606079101562 774.4082641601562 774.7636108398438 775.1268920898438 775.4930419921875 775.8532104492188 776.2472534179688 776.671142578125 777.1251220703125 777.6051635742188 778.1204833984375 778.6818237304688 779.251220703125 779.787353515625 780.3006591796875 780.7886352539062 781.2553100585938 782.7611694335938 784.2889404296875 785.9214477539062 787.6865234375 789.63916015625 791.4752807617188 793.1490478515625 794.6123046875 795.8501586914062 796.864013671875 797.6537475585938 798.2086791992188
