DataSet_WRR/MF_ws/hi_topL1.asc
ncols         60
nrows         65
xllcorner     739300
yllcorner     4553050
cellsize      50
NODATA_value  -9999
[rows 0 to 22 of 65, columns 0 to 51 of 60]
7.395000E+02 7.383000E+02 7.365000E+02 7.349000E+02 7.353000E+02 7.383000E+02 7.422000E+02 7.417000E+02 7.435000E+02 7.454000E+02 7.471000E+02 7.482000E+02 7.507000E+02 7.508000E+02 7.516000E+02 7.533000E+02 7.556000E+02 7.567000E+02 7.584000E+02 7.601000E+02 7.619000E+02 7.625000E+02 7.619000E+02 7.620000E+02 7.609000E+02 7.597000E+02 7.592000E+02 7.586000E+02 7.604000E+02 7.625000E+02 7.644000E+02 7.662000E+02 7.674000E+02 7.688000E+02 7.721000E+02 7.743000E+02 7.768000E+02 7.752000E+02 7.763000E+02 7.770000E+02 7.793000E+02 7.803000E+02 7.816000E+02 7.827000E+02 7.847000E+02 7.846000E+02 7.856000E+02 7.866000E+02 7.874000E+02 7.867000E+02 7.880000E+02 7.877000E+02
7.387000E+02 7.371000E+02 7.360000E+02 7.353000E+02 7.363000E+02 7.416000E+02 7.433000E+02 7.446000E+02 7.438000E+02 7.450000E+02 7.481000E+02 7.501000E+02 7.526000E+02 7.527000E+02 7.538000E+02 7.542000E+02 7.560000E+02 7.581000E+02 7.592000E+02 7.613000E+02 7.620000E+02 7.622000E+02 7.617000E+02 7.616000E+02 7.613000E+02 7.613000E+02 7.595000E+02 7.597000E+02 7.611000E+02 7.610000E+02 7.621000E+02 7.631000E+02 7.649000E+02 7.665000E+02 7.687000E+02 7.708000E+02 7.722000E+02 7.734000E+02 7.759000E+02 7.771000E+02 7.797000E+02 7.807000E+02 7.821000E+02 7.834000E+02 7.852000E+02 7.860000E+02 7.882000E+02 7.887000E+02 7.882000E+02 7.883000E+02 7.891000E+02 7.892000E+02
7.380000E+02 7.368000E+02 7.352000E+02 7.359000E+02 7.369000E+02 7.403000E+02 7.435000E+02 7.449000E+02 7.455000E+02 7.459000E+02 7.482000E+02 7.502000E+02 7.538000E+02 7.543000E+02 7.551000E+02 7.553000E+02 7.573000E+02 7.582000E+02 7.599000E+02 7.606000E+02 7.623000E+02 7.623000E+02 7.626000E+02 7.620000E+02 7.618000E+02 7.607000E+02 7.602000E+02 7.605000E+02 7.623000E+02 7.621000E+02 7.626000E+02 7.635000E+02 7.651000E+02 7.664000E+02 7.692000E+02 7.706000E+02 7.736000E+02 7.749000E+02 7.763000E+02 7.775000E+02 7.800000E+02 7.816000E+02 7.828000E+02 7.839000E+02 7.857000E+02 7.872000E+02 7.890000E+02 7.894000E+02 7.893000E+02 7.897000E+02 7.905000E+02 7.903000E+02
7.375000E+02 7.359000E+02 7.360000E+02 7.352000E+02 7.369000E+02 7.397000E+02 7.424000E+02 7.438000E+02 7.474000E+02 7.481000E+02 7.491000E+02 7.503000E+02 7.532000E+02 7.546000E+02 7.567000E+02 7.575000E+02 7.588000E+02 7.590000E+02 7.586000E+02 7.599000E+02 7.616000E+02 7.618000E+02 7.630000E+02 7.625000E+02 7.632000E+02 7.626000E+02 7.617000E+02 7.609000E+02 7.633000E+02 7.632000E+02 7.631000E+02 7.641000E+02 7.657000E+02 7.667000E+02 7.685000E+02 7.707000E+02 7.726000E+02 7.747000E+02 7.765000E+02 7.778000E+02 7.807000E+02 7.816000E+02 7.835000E+02 7.852000E+02 7.876000E+02 7.897000E+02 7.898000E+02 7.905000E+02 7.906000E+02 7.912000E+02 7.922000E+02 7.917000E+02
7.363000E+02 7.359000E+02 7.363000E+02 7.364000E+02 7.372000E+02 7.381000E+02 7.414000E+02 7.448000E+02 7.480000E+02 7.489000E+02 7.502000E+02 7.521000E+02 7.547000E+02 7.565000E+02 7.567000E+02 7.566000E+02 7.563000E+02 7.567000E+02 7.577000E+02 7.588000E+02 7.604000E+02 7.615000E+02 7.621000E+02 7.628000E+02 7.634000E+02 7.634000E+02 7.618000E+02 7.614000E+02 7.633000E+02 7.640000E+02 7.635000E+02 7.643000E+02 7.660000E+02 7.676000E+02 7.689000E+02 7.703000E+02 7.726000E+02 7.743000E+02 7.770000E+02 7.786000E+02 7.808000E+02 7.821000E+02 7.840000E+02 7.862000E+02 7.890000E+02 7.914000E+02 7.911000E+02 7.917000E+02 7.921000E+02 7.921000E+02 7.928000E+02 7.929000E+02
7.357000E+02 7.360000E+02 7.378000E+02 7.376000E+02 7.401000E+02 7.414000E+02 7.399000E+02 7.433500E+02 7.468500E+02 7.495000E+02 7.505000E+02 7.498000E+02 7.530500E+02 7.547500E+02 7.546000E+02 7.554000E+02 7.575000E+02 7.582000E+02 7.602000E+02 7.613000E+02 7.614000E+02 7.614000E+02 7.627000E+02 7.629000E+02 7.634000E+02 7.631000E+02 7.624000E+02 7.623000E+02 7.643000E+02 7.650000E+02 7.663000E+02 7.645000E+02 7.659000E+02 7.673000E+02 7.697000E+02 7.709000E+02 7.733000E+02 7.754000E+02 7.769000E+02 7.785000E+02 7.810000E+02 7.830000E+02 7.848000E+02 7.871000E+02 7.905000E+02 7.934000E+02 7.935000E+02 7.937000E+02 7.936000E+02 7.934000E+02 7.939000E+02 7.936000E+02
7.358000E+02 7.367000E+02 7.376000E+02 7.386000E+02 7.401000E+02 7.413000E+02 7.426000E+02 7.418000E+02 7.466500E+02 7.484500E+02 7.467000E+02 7.475000E+02 7.496000E+02 7.517000E+02 7.548000E+02 7.568000E+02 7.581000E+02 7.586000E+02 7.602000E+02 7.614000E+02 7.622000E+02 7.624000E+02 7.628000E+02 7.628000E+02 7.636000E+02 7.635000E+02 7.634000E+02 7.629000E+02 7.649000E+02 7.651000E+02 7.666000E+02 7.655000E+02 7.666000E+02 7.677000E+02 7.691000E+02 7.701000E+02 7.728000E+02 7.746000E+02 7.773000E+02 7.793000E+02 7.816000E+02 7.832000E+02 7.859000E+02 7.884000E+02 7.909000E+02 7.940000E+02 7.944000E+02 7.942000E+02 7.942000E+02 7.939000E+02 7.940000E+02 7.939000E+02
7.355000E+02 7.364000E+02 7.369000E+02 7.376000E+02 7.395000E+02 7.418000E+02 7.448000E+02 7.449000E+02 7.458000E+02 7.458000E+02 7.465000E+02 7.476000E+02 7.505000E+02 7.524000E+02 7.546000E+02 7.555000E+02 7.579000E+02 7.593000E+02 7.612000E+02 7.622000E+02 7.634000E+02 7.636000E+02 7.636000E+02 7.638000E+02 7.643000E+02 7.649000E+02 7.645000E+02 7.645000E+02 7.653000E+02 7.663000E+02 7.674000E+02 7.667000E+02 7.673000E+02 7.685000E+02 7.691000E+02 7.712000E+02 7.737000E+02 7.755000E+02 7.786000E+02 7.806000E+02 7.832000E+02 7.849000E+02 7.875000E+02 7.890000E+02 7.929000E+02 7.954000E+02 7.967000E+02 7.960000E+02 7.951000E+02 7.948000E+02 7.946000E+02 7.941000E+02
7.355000E+02 7.374000E+02 7.369000E+02 7.375000E+02 7.386000E+02 7.408000E+02 7.443000E+02 7.458000E+02 7.482000E+02 7.480000E+02 7.483000E+02 7.487000E+02 7.505000E+02 7.521000E+02 7.548000E+02 7.558000E+02 7.586000E+02 7.596000E+02 7.611000E+02 7.624000E+02 7.636000E+02 7.637000E+02 7.639000E+02 7.640000E+02 7.644000E+02 7.648000E+02 7.650000E+02 7.653000E+02 7.659000E+02 7.673000E+02 7.683000E+02 7.676000E+02 7.676000E+02 7.689000E+02 7.700000E+02 7.717000E+02 7.745000E+02 7.768000E+02 7.794000E+02 7.810000E+02 7.831000E+02 7.844000E+02 7.881000E+02 7.897000E+02 7.940000E+02 7.969000E+02 7.970000E+02 7.963000E+02 7.953000E+02 7.953000E+02 7.947000E+02 7.941000E+02
7.386000E+02 7.394000E+02 7.389000E+02 7.378000E+02 7.398000E+02 7.413000E+02 7.442000E+02 7.460000E+02 7.486000E+02 7.497000E+02 7.504000E+02 7.509000E+02 7.531000E+02 7.534000E+02 7.558000E+02 7.575000E+02 7.590000E+02 7.599000E+02 7.619000E+02 7.633000E+02 7.636000E+02 7.640000E+02 7.645000E+02 7.652000E+02 7.649000E+02 7.652000E+02 7.661000E+02 7.668000E+02 7.669000E+02 7.680000E+02 7.687000E+02 7.689000E+02 7.689000E+02 7.696000E+02 7.720000E+02 7.725000E+02 7.734000E+02 7.749000E+02 7.778000E+02 7.790000E+02 7.817000E+02 7.838000E+02 7.873000E+02 7.902000E+02 7.959000E+02 7.984000E+02 7.968000E+02 7.955000E+02 7.949000E+02 7.952000E+02 7.949000E+02 7.944000E+02
7.392000E+02 7.403000E+02 7.410000E+02 7.382000E+02 7.399000E+02 7.413000E+02 7.454000E+02 7.470000E+02 7.498000E+02 7.509000E+02 7.515000E+02 7.526000E+02 7.535000E+02 7.547000E+02 7.560000E+02 7.573000E+02 7.593000E+02 7.611000E+02 7.627000E+02 7.631000E+02 7.637000E+02 7.636000E+02 7.646000E+02 7.651000E+02 7.651000E+02 7.655000E+02 7.664000E+02 7.671000E+02 7.678000E+02 7.685000E+02 7.695000E+02 7.699000E+02 7.698000E+02 7.699000E+02 7.718000E+02 7.728000E+02 7.748000E+02 7.762000E+02 7.772000E+02 7.781000E+02 7.806000E+02 7.829000E+02 7.863000E+02 7.896000E+02 7.956000E+02 7.976000E+02 7.966000E+02 7.960000E+02 7.949000E+02 7.950000E+02 7.947000E+02 7.944000E+02
7.404000E+02 7.417000E+02 7.424000E+02 7.425000E+02 7.388000E+02 7.415500E+02 7.467000E+02 7.484000E+02 7.497000E+02 7.517000E+02 7.541000E+02 7.552000E+02 7.553000E+02 7.563000E+02 7.578000E+02 7.591000E+02 7.609000E+02 7.615000E+02 7.617000E+02 7.626000E+02 7.628000E+02 7.635000E+02 7.644000E+02 7.653000E+02 7.654000E+02 7.656000E+02 7.667000E+02 7.673000E+02 7.682000E+02 7.689000E+02 7.697000E+02 7.706000E+02 7.708000E+02 7.706000E+02 7.720000E+02 7.726000E+02 7.752000E+02 7.768000E+02 7.791000E+02 7.797000E+02 7.815000E+02 7.830000E+02 7.855000E+02 7.876000E+02 7.910000E+02 7.929000E+02 7.940000E+02 7.950000E+02 7.949000E+02 7.950000E+02 7.945000E+02 7.942000E+02
7.408000E+02 7.422000E+02 7.433000E+02 7.438000E+02 7.389000E+02 7.415500E+02 7.470000E+02 7.469000E+02 7.506500E+02 7.524500E+02 7.543500E+02 7.570500E+02 7.569000E+02 7.576000E+02 7.594000E+02 7.606000E+02 7.600000E+02 7.591000E+02 7.603000E+02 7.614000E+02 7.623000E+02 7.637000E+02 7.646000E+02 7.649000E+02 7.657000E+02 7.658000E+02 7.676000E+02 7.677000E+02 7.679000E+02 7.690000E+02 7.698000E+02 7.706000E+02 7.714000E+02 7.710000E+02 7.723000E+02 7.733000E+02 7.758000E+02 7.768000E+02 7.798000E+02 7.809000E+02 7.831000E+02 7.849000E+02 7.873000E+02 7.895000E+02 7.918000E+02 7.926000E+02 7.945000E+02 7.964000E+02 7.956000E+02 7.952000E+02 7.947000E+02 7.942000E+02
7.409000E+02 7.423000E+02 7.438000E+02 7.435000E+02 7.397000E+02 7.428500E+02 7.476000E+02 7.489000E+02 7.512000E+02 7.498000E+02 7.533500E+02 7.552000E+02 7.583000E+02 7.590000E+02 7.593000E+02 7.587000E+02 7.571000E+02 7.585000E+02 7.606000E+02 7.616000E+02 7.635000E+02 7.644000E+02 7.647000E+02 7.652000E+02 7.657000E+02 7.661000E+02 7.659000E+02 7.662000E+02 7.674000E+02 7.682000E+02 7.689000E+02 7.703000E+02 7.716000E+02 7.725000E+02 7.729000E+02 7.737000E+02 7.761000E+02 7.774000E+02 7.805000E+02 7.819000E+02 7.843000E+02 7.860000E+02 7.896000E+02 7.922000E+02 7.958000E+02 7.953000E+02 7.959000E+02 7.961000E+02 7.954000E+02 7.949000E+02 7.949000E+02 7.944000E+02
7.410000E+02 7.423000E+02 7.441000E+02 7.435000E+02 7.403000E+02 7.459500E+02 7.474500E+02 7.502500E+02 7.481000E+02 7.511500E+02 7.545500E+02 7.565000E+02 7.578500E+02 7.577500E+02 7.567000E+02 7.558000E+02 7.575000E+02 7.587000E+02 7.612000E+02 7.624000E+02 7.642000E+02 7.638000E+02 7.646000E+02 7.653000E+02 7.656000E+02 7.651000E+02 7.646000E+02 7.649000E+02 7.667000E+02 7.674000E+02 7.686000E+02 7.696000E+02 7.715000E+02 7.722000E+02 7.735000E+02 7.745000E+02 7.764000E+02 7.778000E+02 7.805000E+02 7.822000E+02 7.851000E+02 7.866000E+02 7.906000E+02 7.934000E+02 7.965000E+02 7.976000E+02 7.966000E+02 7.965000E+02 7.954000E+02 7.950000E+02 7.947000E+02 7.941000E+02
7.421000E+02 7.428000E+02 7.442000E+02 7.443000E+02 7.409000E+02 7.479500E+02 7.508500E+02 7.445000E+02 7.475500E+02 7.498500E+02 7.542500E+02 7.551500E+02 7.555500E+02 7.528000E+02 7.551000E+02 7.568000E+02 7.590000E+02 7.601000E+02 7.628000E+02 7.623000E+02 7.615000E+02 7.616000E+02 7.643000E+02 7.645000E+02 7.629000E+02 7.619000E+02 7.631000E+02 7.642000E+02 7.658000E+02 7.667000E+02 7.686000E+02 7.697000E+02 7.709000E+02 7.723000E+02 7.736000E+02 7.750000E+02 7.772000E+02 7.782000E+02 7.802000E+02 7.820000E+02 7.852000E+02 7.875000E+02 7.914000E+02 7.956000E+02 8.004000E+02 7.986000E+02 7.972000E+02 7.967000E+02 7.957000E+02 7.950000E+02 7.939000E+02 7.932000E+02
7.431000E+02 7.438000E+02 7.452000E+02 7.456000E+02 7.408000E+02 7.468000E+02 7.449000E+02 7.421000E+02 7.445000E+02 7.459000E+02 7.529500E+02 7.537500E+02 7.519000E+02 7.520000E+02 7.551000E+02 7.577000E+02 7.602000E+02 7.610000E+02 7.609000E+02 7.597000E+02 7.595000E+02 7.617000E+02 7.638000E+02 7.621000E+02 7.609000E+02 7.610000E+02 7.635000E+02 7.650000E+02 7.668000E+02 7.678000E+02 7.692000E+02 7.701000E+02 7.715000E+02 7.728000E+02 7.737000E+02 7.749000E+02 7.774000E+02 7.784000E+02 7.808000E+02 7.816000E+02 7.847000E+02 7.877000E+02 7.915000E+02 7.958000E+02 8.011000E+02 7.997000E+02 7.976000E+02 7.968000E+02 7.956000E+02 7.949000E+02 7.936000E+02 7.930000E+02
7.449000E+02 7.454000E+02 7.465000E+02 7.468000E+02 7.464000E+02 7.453500E+02 7.459500E+02 7.474000E+02 7.473000E+02 7.464000E+02 7.460000E+02 7.455000E+02 7.518000E+02 7.545000E+02 7.570000E+02 7.596000E+02 7.590000E+02 7.576000E+02 7.566000E+02 7.585000E+02 7.612000E+02 7.621000E+02 7.602000E+02 7.589000E+02 7.609000E+02 7.625000E+02 7.645000E+02 7.654000E+02 7.682000E+02 7.690000E+02 7.701000E+02 7.704000E+02 7.708000E+02 7.722000E+02 7.745000E+02 7.749000E+02 7.775000E+02 7.787000E+02 7.808000E+02 7.818000E+02 7.856000E+02 7.879000E+02 7.929000E+02 7.969000E+02 8.007000E+02 7.993000E+02 7.977000E+02 7.967000E+02 7.953000E+02 7.947000E+02 7.936000E+02 7.932000E+02
7.457000E+02 7.463000E+02 7.477000E+02 7.481000E+02 7.472000E+02 7.476500E+02 7.501500E+02 7.508000E+02 7.489000E+02 7.496000E+02 7.492000E+02 7.482000E+02 7.469000E+02 7.486000E+02 7.559000E+02 7.586000E+02 7.567000E+02 7.540000E+02 7.569000E+02 7.594000E+02 7.595000E+02 7.581000E+02 7.573000E+02 7.590000E+02 7.614000E+02 7.628000E+02 7.652000E+02 7.667000E+02 7.695000E+02 7.694000E+02 7.674000E+02 7.684000E+02 7.694000E+02 7.705000E+02 7.731000E+02 7.749000E+02 7.778000E+02 7.789000E+02 7.808000E+02 7.827000E+02 7.859000E+02 7.891000E+02 7.938000E+02 7.979000E+02 8.001000E+02 7.993000E+02 7.975000E+02 7.965000E+02 7.951000E+02 7.947000E+02 7.937000E+02 7.933000E+02
7.463000E+02 7.475000E+02 7.494000E+02 7.500000E+02 7.497000E+02 7.501000E+02 7.526500E+02 7.532000E+02 7.525000E+02 7.523000E+02 7.517000E+02 7.516000E+02 7.519000E+02 7.502000E+02 7.482000E+02 7.498000E+02 7.496000E+02 7.502000E+02 7.528500E+02 7.562500E+02 7.543000E+02 7.571000E+02 7.587000E+02 7.601000E+02 7.620000E+02 7.633000E+02 7.659000E+02 7.671000E+02 7.656000E+02 7.665000E+02 7.684000E+02 7.701000E+02 7.722000E+02 7.722000E+02 7.717000E+02 7.738000E+02 7.766000E+02 7.782000E+02 7.806000E+02 7.827000E+02 7.868000E+02 7.893000E+02 7.949000E+02 8.008000E+02 7.999000E+02 7.984000E+02 7.968000E+02 7.966000E+02 7.947000E+02 7.941000E+02 7.936000E+02 7.933000E+02
7.466000E+02 7.482000E+02 7.502000E+02 7.512000E+02 7.510000E+02 7.513000E+02 7.532000E+02 7.541000E+02 7.540000E+02 7.537000E+02 7.527000E+02 7.529000E+02 7.537000E+02 7.519000E+02 7.508000E+02 7.514000E+02 7.524000E+02 7.531000E+02 7.521000E+02 7.515000E+02 7.559000E+02 7.573000E+02 7.585000E+02 7.602000E+02 7.630000E+02 7.644000E+02 7.643000E+02 7.640000E+02 7.662000E+02 7.675000E+02 7.692000E+02 7.708000E+02 7.725000E+02 7.730000E+02 7.734000E+02 7.731000E+02 7.750000E+02 7.772000E+02 7.796000E+02 7.820000E+02 7.856000E+02 7.887000E+02 7.946000E+02 7.991000E+02 7.983000E+02 7.977000E+02 7.956000E+02 7.955000E+02 7.938000E+02 7.940000E+02 7.936000E+02 7.934000E+02
7.475000E+02 7.486000E+02 7.507000E+02 7.523000E+02 7.540000E+02 7.543000E+02 7.547000E+02 7.551000E+02 7.556000E+02 7.554000E+02 7.553000E+02 7.554000E+02 7.552000E+02 7.550000E+02 7.528000E+02 7.536000E+02 7.554000E+02 7.558000E+02 7.557000E+02 7.541000E+02 7.510000E+02 7.562000E+02 7.592000E+02 7.615000E+02 7.645000E+02 7.627000E+02 7.630000E+02 7.650000E+02 7.672000E+02 7.689000E+02 7.709000E+02 7.725000E+02 7.741000E+02 7.749000E+02 7.752000E+02 7.752000E+02 7.763000E+02 7.765000E+02 7.790000E+02 7.808000E+02 7.839000E+02 7.874000E+02 7.927000E+02 7.965000E+02 7.958000E+02 7.954000E+02 7.943000E+02 7.939000E+02 7.935000E+02 7.939000E+02 7.937000E+02 7.936000E+02
7.468000E+02 7.492000E+02 7.519000E+02 7.535000E+02 7.556000E+02 7.550000E+02 7.554000E+02 7.562000E+02 7.568000E+02 7.568000E+02 7.568000E+02 7.570000E+02 7.566000E+02 7.564000E+02 7.533000E+02 7.549000E+02 7.568000E+02 7.574000E+02 7.571000E+02 7.563000E+02 7.535000E+02 7.556500E+02 7.612500E+02 7.633500E+02 7.610000E+02 7.612000E+02 7.644000E+02 7.656000E+02 7.672000E+02 7.692000E+02 7.714000E+02 7.731000E+02 7.752000E+02 7.759000E+02 7.764000E+02 7.764000E+02 7.770000E+02 7.783000E+02 7.785000E+02 7.802000E+02 7.840000E+02 7.867000E+02 7.912000E+02 7.954000E+02 7.951000E+02 7.940000E+02 7.933000E+02 7.932000E+02 7.932000E+02 7.933000E+02 7.938000E+02 7.938000E+02
